env: reentrant_9
model: ppg_softmax
model: ppg_softmax
queue lengths: 	tensor([5.6562, 0.6536, 1.4502, 2.3494, 6.2558, 0.2617, 5.5535, 0.5140, 1.4923,
        3.7549, 4.5391, 0.2856, 5.7421, 0.5607, 1.7015, 2.8976, 5.4595, 0.2873,
        5.5937, 0.5416, 1.4569, 2.6414, 5.7917, 0.2787, 5.5080, 0.4951, 1.3770])
final cost: 	74.75
test cost: 	73.09937286376953
all valid: 	True
tensor([[0., 0., 0., 0., 0., 0., 0., 0., 0., 0., 0., 0., 0., 0., 0., 0., 0., 0., 0., 0., 0., 0., 0., 0.,
         0., 0., 0.]])
tensor([[[0.0376, 0.0347, 0.0385, 0.0368, 0.0368, 0.0365, 0.0394, 0.0332,
          0.0361, 0.0426, 0.0377, 0.0381, 0.0388, 0.0352, 0.0368, 0.0346,
          0.0414, 0.0352, 0.0385, 0.0353, 0.0387, 0.0377, 0.0361, 0.0363,
          0.0390, 0.0354, 0.0330],
         [0.0377, 0.0365, 0.0375, 0.0400, 0.0336, 0.0367, 0.0337, 0.0363,
          0.0395, 0.0392, 0.0373, 0.0356, 0.0373, 0.0385, 0.0377, 0.0341,
          0.0352, 0.0376, 0.0377, 0.0338, 0.0382, 0.0379, 0.0347, 0.0383,
          0.0409, 0.0387, 0.0358],
         [0.0334, 0.0388, 0.0382, 0.0364, 0.0391, 0.0363, 0.0393, 0.0392,
          0.0342, 0.0379, 0.0377, 0.0359, 0.0374, 0.0386, 0.0390, 0.0412,
          0.0368, 0.0363, 0.0392, 0.0363, 0.0355, 0.0353, 0.0359, 0.0342,
          0.0371, 0.0364, 0.0343],
         [0.0370, 0.0350, 0.0350, 0.0353, 0.0338, 0.0376, 0.0331, 0.0386,
          0.0382, 0.0375, 0.0404, 0.0353, 0.0395, 0.0403, 0.0341, 0.0380,
          0.0390, 0.0401, 0.0372, 0.0384, 0.0346, 0.0388, 0.0345, 0.0380,
          0.0349, 0.0376, 0.0382],
         [0.0379, 0.0403, 0.0361, 0.0383, 0.0356, 0.0367, 0.0355, 0.0351,
          0.0345, 0.0386, 0.0359, 0.0353, 0.0379, 0.0355, 0.0352, 0.0374,
          0.0362, 0.0392, 0.0381, 0.0350, 0.0364, 0.0393, 0.0358, 0.0385,
          0.0405, 0.0386, 0.0370],
         [0.0351, 0.0407, 0.0370, 0.0357, 0.0389, 0.0373, 0.0402, 0.0363,
          0.0407, 0.0333, 0.0322, 0.0376, 0.0371, 0.0368, 0.0366, 0.0385,
          0.0361, 0.0361, 0.0401, 0.0339, 0.0359, 0.0350, 0.0387, 0.0366,
          0.0411, 0.0348, 0.0377],
         [0.0356, 0.0345, 0.0396, 0.0340, 0.0344, 0.0389, 0.0341, 0.0360,
          0.0360, 0.0396, 0.0348, 0.0353, 0.0388, 0.0374, 0.0338, 0.0399,
          0.0390, 0.0385, 0.0399, 0.0388, 0.0373, 0.0375, 0.0418, 0.0348,
          0.0357, 0.0365, 0.0374],
         [0.0386, 0.0375, 0.0351, 0.0393, 0.0335, 0.0344, 0.0372, 0.0372,
          0.0376, 0.0366, 0.0382, 0.0387, 0.0371, 0.0378, 0.0379, 0.0371,
          0.0360, 0.0347, 0.0355, 0.0410, 0.0343, 0.0374, 0.0357, 0.0366,
          0.0388, 0.0383, 0.0380],
         [0.0364, 0.0355, 0.0388, 0.0384, 0.0345, 0.0403, 0.0358, 0.0345,
          0.0402, 0.0374, 0.0351, 0.0359, 0.0374, 0.0369, 0.0389, 0.0406,
          0.0398, 0.0386, 0.0338, 0.0405, 0.0345, 0.0344, 0.0363, 0.0376,
          0.0338, 0.0384, 0.0355]]], grad_fn=<SoftmaxBackward0>)
train cost:	75.00543212890625
queue lengths: 	tensor([13.2468,  0.6642,  1.4667,  2.1223,  4.1490,  0.1824,  5.1005,  0.4202,
         1.2824,  4.4743,  5.7547,  0.2252,  4.0478,  0.4631,  1.1832,  3.9660,
         6.8980,  0.2125,  4.6054,  0.4318,  1.3379,  2.2448,  4.5422,  0.1924,
         4.3393,  0.3959,  1.0568], grad_fn=<MeanBackward1>)
Action Grads
tensor([[-135.2227,  -56.1442,  -64.6142,    0.0000,    0.0000,    0.0000,
            0.0000,    0.0000,    0.0000,    0.0000,    0.0000,    0.0000,
            0.0000,    0.0000,    0.0000,    0.0000,    0.0000,    0.0000,
            0.0000,    0.0000,    0.0000,    0.0000,    0.0000,    0.0000,
            0.0000,    0.0000,    0.0000],
        [   0.0000,    0.0000,    0.0000,  -37.1068,  -50.2370,  -56.1554,
            0.0000,    0.0000,    0.0000,    0.0000,    0.0000,    0.0000,
            0.0000,    0.0000,    0.0000,    0.0000,    0.0000,    0.0000,
            0.0000,    0.0000,    0.0000,    0.0000,    0.0000,    0.0000,
            0.0000,    0.0000,    0.0000],
        [   0.0000,    0.0000,    0.0000,    0.0000,    0.0000,    0.0000,
          -54.7502,  -30.0142,  -77.3861,    0.0000,    0.0000,    0.0000,
            0.0000,    0.0000,    0.0000,    0.0000,    0.0000,    0.0000,
            0.0000,    0.0000,    0.0000,    0.0000,    0.0000,    0.0000,
            0.0000,    0.0000,    0.0000],
        [   0.0000,    0.0000,    0.0000,    0.0000,    0.0000,    0.0000,
            0.0000,    0.0000,    0.0000,  -32.1968,  -69.1339,  -52.9601,
            0.0000,    0.0000,    0.0000,    0.0000,    0.0000,    0.0000,
            0.0000,    0.0000,    0.0000,    0.0000,    0.0000,    0.0000,
            0.0000,    0.0000,    0.0000],
        [   0.0000,    0.0000,    0.0000,    0.0000,    0.0000,    0.0000,
            0.0000,    0.0000,    0.0000,    0.0000,    0.0000,    0.0000,
          -31.2634,   10.8604,  -62.4076,    0.0000,    0.0000,    0.0000,
            0.0000,    0.0000,    0.0000,    0.0000,    0.0000,    0.0000,
            0.0000,    0.0000,    0.0000],
        [   0.0000,    0.0000,    0.0000,    0.0000,    0.0000,    0.0000,
            0.0000,    0.0000,    0.0000,    0.0000,    0.0000,    0.0000,
            0.0000,    0.0000,    0.0000,  -52.8099, -128.1376,  -55.0652,
            0.0000,    0.0000,    0.0000,    0.0000,    0.0000,    0.0000,
            0.0000,    0.0000,    0.0000],
        [   0.0000,    0.0000,    0.0000,    0.0000,    0.0000,    0.0000,
            0.0000,    0.0000,    0.0000,    0.0000,    0.0000,    0.0000,
            0.0000,    0.0000,    0.0000,    0.0000,    0.0000,    0.0000,
          -55.8061,  -46.7815,  -57.9080,    0.0000,    0.0000,    0.0000,
            0.0000,    0.0000,    0.0000],
        [   0.0000,    0.0000,    0.0000,    0.0000,    0.0000,    0.0000,
            0.0000,    0.0000,    0.0000,    0.0000,    0.0000,    0.0000,
            0.0000,    0.0000,    0.0000,    0.0000,    0.0000,    0.0000,
            0.0000,    0.0000,    0.0000,  -19.4311,  -59.9675,  -48.4190,
            0.0000,    0.0000,    0.0000],
        [   0.0000,    0.0000,    0.0000,    0.0000,    0.0000,    0.0000,
            0.0000,    0.0000,    0.0000,    0.0000,    0.0000,    0.0000,
            0.0000,    0.0000,    0.0000,    0.0000,    0.0000,    0.0000,
            0.0000,    0.0000,    0.0000,    0.0000,    0.0000,    0.0000,
          -56.3424,  -44.4870,  -61.8283]])
Priority Grads
tensor([[-227.3774, -150.6611,  119.0054,    0.0000,    0.0000,    0.0000,
            0.0000,    0.0000,    0.0000,    0.0000,    0.0000,    0.0000,
            0.0000,    0.0000,    0.0000,    0.0000,    0.0000,    0.0000,
            0.0000,    0.0000,    0.0000,    0.0000,    0.0000,    0.0000,
            0.0000,    0.0000,    0.0000],
        [   0.0000,    0.0000,    0.0000,  117.3291,   54.8949, -331.5664,
            0.0000,    0.0000,    0.0000,    0.0000,    0.0000,    0.0000,
            0.0000,    0.0000,    0.0000,    0.0000,    0.0000,    0.0000,
            0.0000,    0.0000,    0.0000,    0.0000,    0.0000,    0.0000,
            0.0000,    0.0000,    0.0000],
        [   0.0000,    0.0000,    0.0000,    0.0000,    0.0000,    0.0000,
          160.4159,  -16.0152, -326.8756,    0.0000,    0.0000,    0.0000,
            0.0000,    0.0000,    0.0000,    0.0000,    0.0000,    0.0000,
            0.0000,    0.0000,    0.0000,    0.0000,    0.0000,    0.0000,
            0.0000,    0.0000,    0.0000],
        [   0.0000,    0.0000,    0.0000,    0.0000,    0.0000,    0.0000,
            0.0000,    0.0000,    0.0000,  247.9695, -135.7071, -275.9777,
            0.0000,    0.0000,    0.0000,    0.0000,    0.0000,    0.0000,
            0.0000,    0.0000,    0.0000,    0.0000,    0.0000,    0.0000,
            0.0000,    0.0000,    0.0000],
        [   0.0000,    0.0000,    0.0000,    0.0000,    0.0000,    0.0000,
            0.0000,    0.0000,    0.0000,    0.0000,    0.0000,    0.0000,
           32.8899,  173.9429, -317.2269,    0.0000,    0.0000,    0.0000,
            0.0000,    0.0000,    0.0000,    0.0000,    0.0000,    0.0000,
            0.0000,    0.0000,    0.0000],
        [   0.0000,    0.0000,    0.0000,    0.0000,    0.0000,    0.0000,
            0.0000,    0.0000,    0.0000,    0.0000,    0.0000,    0.0000,
            0.0000,    0.0000,    0.0000,  402.9301, -445.7584, -222.8236,
            0.0000,    0.0000,    0.0000,    0.0000,    0.0000,    0.0000,
            0.0000,    0.0000,    0.0000],
        [   0.0000,    0.0000,    0.0000,    0.0000,    0.0000,    0.0000,
            0.0000,    0.0000,    0.0000,    0.0000,    0.0000,    0.0000,
            0.0000,    0.0000,    0.0000,    0.0000,    0.0000,    0.0000,
          111.3051, -145.0433, -132.6796,    0.0000,    0.0000,    0.0000,
            0.0000,    0.0000,    0.0000],
        [   0.0000,    0.0000,    0.0000,    0.0000,    0.0000,    0.0000,
            0.0000,    0.0000,    0.0000,    0.0000,    0.0000,    0.0000,
            0.0000,    0.0000,    0.0000,    0.0000,    0.0000,    0.0000,
            0.0000,    0.0000,    0.0000,  248.1364, -117.4935, -286.5880,
            0.0000,    0.0000,    0.0000],
        [   0.0000,    0.0000,    0.0000,    0.0000,    0.0000,    0.0000,
            0.0000,    0.0000,    0.0000,    0.0000,    0.0000,    0.0000,
            0.0000,    0.0000,    0.0000,    0.0000,    0.0000,    0.0000,
            0.0000,    0.0000,    0.0000,    0.0000,    0.0000,    0.0000,
          237.4417, -201.3055, -164.1417]])
queue lengths: 	tensor([5.7321, 0.6553, 1.4734, 2.3688, 6.0850, 0.2597, 5.5242, 0.5084, 1.4352,
        4.0350, 4.3180, 0.2803, 5.6829, 0.5575, 1.6064, 3.1798, 5.1374, 0.2875,
        5.7500, 0.5278, 1.4578, 2.8433, 5.5988, 0.2761, 5.6141, 0.4759, 1.3367])
final cost: 	73.97000122070312
test cost: 	73.00720977783203
all valid: 	True
tensor([[0., 0., 0., 0., 0., 0., 0., 0., 0., 0., 0., 0., 0., 0., 0., 0., 0., 0., 0., 0., 0., 0., 0., 0.,
         0., 0., 0.]])
tensor([[[0.0377, 0.0347, 0.0385, 0.0367, 0.0368, 0.0365, 0.0393, 0.0332,
          0.0361, 0.0425, 0.0378, 0.0381, 0.0388, 0.0352, 0.0368, 0.0346,
          0.0414, 0.0352, 0.0385, 0.0354, 0.0386, 0.0377, 0.0361, 0.0363,
          0.0390, 0.0353, 0.0330],
         [0.0377, 0.0364, 0.0375, 0.0399, 0.0336, 0.0368, 0.0337, 0.0363,
          0.0395, 0.0392, 0.0373, 0.0357, 0.0373, 0.0385, 0.0377, 0.0341,
          0.0352, 0.0377, 0.0377, 0.0338, 0.0381, 0.0379, 0.0348, 0.0383,
          0.0409, 0.0388, 0.0358],
         [0.0335, 0.0388, 0.0383, 0.0365, 0.0391, 0.0363, 0.0393, 0.0392,
          0.0342, 0.0379, 0.0377, 0.0358, 0.0374, 0.0386, 0.0390, 0.0412,
          0.0367, 0.0363, 0.0391, 0.0363, 0.0355, 0.0353, 0.0359, 0.0342,
          0.0371, 0.0364, 0.0343],
         [0.0370, 0.0350, 0.0350, 0.0353, 0.0338, 0.0376, 0.0331, 0.0386,
          0.0383, 0.0374, 0.0404, 0.0353, 0.0395, 0.0403, 0.0341, 0.0380,
          0.0390, 0.0401, 0.0372, 0.0383, 0.0347, 0.0388, 0.0345, 0.0380,
          0.0349, 0.0376, 0.0383],
         [0.0379, 0.0403, 0.0361, 0.0382, 0.0356, 0.0367, 0.0356, 0.0351,
          0.0345, 0.0386, 0.0359, 0.0352, 0.0379, 0.0354, 0.0352, 0.0373,
          0.0363, 0.0391, 0.0381, 0.0350, 0.0364, 0.0393, 0.0358, 0.0385,
          0.0405, 0.0386, 0.0369],
         [0.0351, 0.0407, 0.0370, 0.0356, 0.0389, 0.0373, 0.0402, 0.0363,
          0.0407, 0.0332, 0.0322, 0.0376, 0.0371, 0.0368, 0.0366, 0.0384,
          0.0361, 0.0361, 0.0400, 0.0338, 0.0360, 0.0350, 0.0387, 0.0366,
          0.0411, 0.0348, 0.0377],
         [0.0356, 0.0345, 0.0396, 0.0340, 0.0344, 0.0389, 0.0341, 0.0360,
          0.0360, 0.0396, 0.0348, 0.0353, 0.0389, 0.0374, 0.0338, 0.0400,
          0.0390, 0.0385, 0.0398, 0.0389, 0.0373, 0.0375, 0.0417, 0.0348,
          0.0357, 0.0365, 0.0375],
         [0.0386, 0.0375, 0.0351, 0.0393, 0.0334, 0.0344, 0.0372, 0.0372,
          0.0377, 0.0366, 0.0382, 0.0386, 0.0371, 0.0378, 0.0378, 0.0371,
          0.0360, 0.0348, 0.0354, 0.0410, 0.0343, 0.0373, 0.0358, 0.0366,
          0.0388, 0.0383, 0.0380],
         [0.0364, 0.0355, 0.0389, 0.0384, 0.0345, 0.0403, 0.0358, 0.0346,
          0.0402, 0.0374, 0.0351, 0.0358, 0.0373, 0.0369, 0.0389, 0.0406,
          0.0398, 0.0386, 0.0338, 0.0405, 0.0346, 0.0344, 0.0363, 0.0376,
          0.0338, 0.0385, 0.0356]]], grad_fn=<SoftmaxBackward0>)
train cost:	54.04244613647461
queue lengths: 	tensor([3.9622, 0.4819, 1.2006, 2.1553, 2.6956, 0.1634, 4.5998, 0.3504, 1.2483,
        1.9437, 2.1544, 0.1707, 6.0782, 0.4385, 1.5813, 3.3699, 6.8461, 0.1964,
        3.4306, 0.4320, 1.1524, 2.0494, 3.4801, 0.1836, 2.4540, 0.3519, 0.8718],
       grad_fn=<MeanBackward1>)
Action Grads
tensor([[-20.0072,   0.1950,  -9.6233,   0.0000,   0.0000,   0.0000,   0.0000,
           0.0000,   0.0000,   0.0000,   0.0000,   0.0000,   0.0000,   0.0000,
           0.0000,   0.0000,   0.0000,   0.0000,   0.0000,   0.0000,   0.0000,
           0.0000,   0.0000,   0.0000,   0.0000,   0.0000,   0.0000],
        [  0.0000,   0.0000,   0.0000,  15.5844, -17.8493,  -8.5887,   0.0000,
           0.0000,   0.0000,   0.0000,   0.0000,   0.0000,   0.0000,   0.0000,
           0.0000,   0.0000,   0.0000,   0.0000,   0.0000,   0.0000,   0.0000,
           0.0000,   0.0000,   0.0000,   0.0000,   0.0000,   0.0000],
        [  0.0000,   0.0000,   0.0000,   0.0000,   0.0000,   0.0000, -33.7788,
          -3.8313, -16.4499,   0.0000,   0.0000,   0.0000,   0.0000,   0.0000,
           0.0000,   0.0000,   0.0000,   0.0000,   0.0000,   0.0000,   0.0000,
           0.0000,   0.0000,   0.0000,   0.0000,   0.0000,   0.0000],
        [  0.0000,   0.0000,   0.0000,   0.0000,   0.0000,   0.0000,   0.0000,
           0.0000,   0.0000,  14.0992, -15.6162,  -5.8363,   0.0000,   0.0000,
           0.0000,   0.0000,   0.0000,   0.0000,   0.0000,   0.0000,   0.0000,
           0.0000,   0.0000,   0.0000,   0.0000,   0.0000,   0.0000],
        [  0.0000,   0.0000,   0.0000,   0.0000,   0.0000,   0.0000,   0.0000,
           0.0000,   0.0000,   0.0000,   0.0000,   0.0000, -13.4726,  25.9123,
         -11.0976,   0.0000,   0.0000,   0.0000,   0.0000,   0.0000,   0.0000,
           0.0000,   0.0000,   0.0000,   0.0000,   0.0000,   0.0000],
        [  0.0000,   0.0000,   0.0000,   0.0000,   0.0000,   0.0000,   0.0000,
           0.0000,   0.0000,   0.0000,   0.0000,   0.0000,   0.0000,   0.0000,
           0.0000, -11.3865, -38.0925,  -5.2932,   0.0000,   0.0000,   0.0000,
           0.0000,   0.0000,   0.0000,   0.0000,   0.0000,   0.0000],
        [  0.0000,   0.0000,   0.0000,   0.0000,   0.0000,   0.0000,   0.0000,
           0.0000,   0.0000,   0.0000,   0.0000,   0.0000,   0.0000,   0.0000,
           0.0000,   0.0000,   0.0000,   0.0000, -12.5178,   2.7199, -11.7401,
           0.0000,   0.0000,   0.0000,   0.0000,   0.0000,   0.0000],
        [  0.0000,   0.0000,   0.0000,   0.0000,   0.0000,   0.0000,   0.0000,
           0.0000,   0.0000,   0.0000,   0.0000,   0.0000,   0.0000,   0.0000,
           0.0000,   0.0000,   0.0000,   0.0000,   0.0000,   0.0000,   0.0000,
          -8.8249, -23.8694,  -8.0050,   0.0000,   0.0000,   0.0000],
        [  0.0000,   0.0000,   0.0000,   0.0000,   0.0000,   0.0000,   0.0000,
           0.0000,   0.0000,   0.0000,   0.0000,   0.0000,   0.0000,   0.0000,
           0.0000,   0.0000,   0.0000,   0.0000,   0.0000,   0.0000,   0.0000,
           0.0000,   0.0000,   0.0000, -10.5067, -12.1589, -11.5494]])
Priority Grads
tensor([[ -63.9125,   32.7869,    5.1228,    0.0000,    0.0000,    0.0000,
            0.0000,    0.0000,    0.0000,    0.0000,    0.0000,    0.0000,
            0.0000,    0.0000,    0.0000,    0.0000,    0.0000,    0.0000,
            0.0000,    0.0000,    0.0000,    0.0000,    0.0000,    0.0000,
            0.0000,    0.0000,    0.0000],
        [   0.0000,    0.0000,    0.0000,  204.5394, -192.5498,  -66.9706,
            0.0000,    0.0000,    0.0000,    0.0000,    0.0000,    0.0000,
            0.0000,    0.0000,    0.0000,    0.0000,    0.0000,    0.0000,
            0.0000,    0.0000,    0.0000,    0.0000,    0.0000,    0.0000,
            0.0000,    0.0000,    0.0000],
        [   0.0000,    0.0000,    0.0000,    0.0000,    0.0000,    0.0000,
         -103.6941,   31.1708,   16.0533,    0.0000,    0.0000,    0.0000,
            0.0000,    0.0000,    0.0000,    0.0000,    0.0000,    0.0000,
            0.0000,    0.0000,    0.0000,    0.0000,    0.0000,    0.0000,
            0.0000,    0.0000,    0.0000],
        [   0.0000,    0.0000,    0.0000,    0.0000,    0.0000,    0.0000,
            0.0000,    0.0000,    0.0000,  170.8477, -127.5159,  -45.5580,
            0.0000,    0.0000,    0.0000,    0.0000,    0.0000,    0.0000,
            0.0000,    0.0000,    0.0000,    0.0000,    0.0000,    0.0000,
            0.0000,    0.0000,    0.0000],
        [   0.0000,    0.0000,    0.0000,    0.0000,    0.0000,    0.0000,
            0.0000,    0.0000,    0.0000,    0.0000,    0.0000,    0.0000,
         -123.1992,  216.8335,  -86.4902,    0.0000,    0.0000,    0.0000,
            0.0000,    0.0000,    0.0000,    0.0000,    0.0000,    0.0000,
            0.0000,    0.0000,    0.0000],
        [   0.0000,    0.0000,    0.0000,    0.0000,    0.0000,    0.0000,
            0.0000,    0.0000,    0.0000,    0.0000,    0.0000,    0.0000,
            0.0000,    0.0000,    0.0000,  117.6340, -161.1918,  -16.3617,
            0.0000,    0.0000,    0.0000,    0.0000,    0.0000,    0.0000,
            0.0000,    0.0000,    0.0000],
        [   0.0000,    0.0000,    0.0000,    0.0000,    0.0000,    0.0000,
            0.0000,    0.0000,    0.0000,    0.0000,    0.0000,    0.0000,
            0.0000,    0.0000,    0.0000,    0.0000,    0.0000,    0.0000,
          -36.7197,   48.1193,  -37.6272,    0.0000,    0.0000,    0.0000,
            0.0000,    0.0000,    0.0000],
        [   0.0000,    0.0000,    0.0000,    0.0000,    0.0000,    0.0000,
            0.0000,    0.0000,    0.0000,    0.0000,    0.0000,    0.0000,
            0.0000,    0.0000,    0.0000,    0.0000,    0.0000,    0.0000,
            0.0000,    0.0000,    0.0000,   80.4934,  -87.3371,  -38.8336,
            0.0000,    0.0000,    0.0000],
        [   0.0000,    0.0000,    0.0000,    0.0000,    0.0000,    0.0000,
            0.0000,    0.0000,    0.0000,    0.0000,    0.0000,    0.0000,
            0.0000,    0.0000,    0.0000,    0.0000,    0.0000,    0.0000,
            0.0000,    0.0000,    0.0000,    0.0000,    0.0000,    0.0000,
           57.7999,  -62.6020,  -19.8902]])
queue lengths: 	tensor([5.7184, 0.6608, 1.4956, 2.4950, 6.2420, 0.2608, 5.6437, 0.5068, 1.4179,
        4.3146, 4.1642, 0.2765, 5.8344, 0.5604, 1.5914, 3.3011, 4.9201, 0.2862,
        5.6624, 0.5186, 1.4350, 3.0022, 5.3659, 0.2744, 5.7615, 0.4651, 1.2861])
final cost: 	73.04000091552734
test cost: 	73.46118927001953
all valid: 	True
tensor([[0., 0., 0., 0., 0., 0., 0., 0., 0., 0., 0., 0., 0., 0., 0., 0., 0., 0., 0., 0., 0., 0., 0., 0.,
         0., 0., 0.]])
tensor([[[0.0378, 0.0347, 0.0385, 0.0367, 0.0368, 0.0365, 0.0393, 0.0333,
          0.0360, 0.0425, 0.0378, 0.0380, 0.0388, 0.0351, 0.0368, 0.0347,
          0.0414, 0.0353, 0.0386, 0.0354, 0.0386, 0.0377, 0.0361, 0.0363,
          0.0391, 0.0353, 0.0330],
         [0.0377, 0.0364, 0.0374, 0.0398, 0.0336, 0.0368, 0.0337, 0.0363,
          0.0394, 0.0391, 0.0373, 0.0357, 0.0373, 0.0385, 0.0378, 0.0342,
          0.0351, 0.0377, 0.0377, 0.0338, 0.0381, 0.0379, 0.0348, 0.0383,
          0.0409, 0.0387, 0.0358],
         [0.0335, 0.0388, 0.0383, 0.0365, 0.0391, 0.0363, 0.0393, 0.0392,
          0.0342, 0.0380, 0.0378, 0.0358, 0.0374, 0.0385, 0.0390, 0.0412,
          0.0367, 0.0363, 0.0391, 0.0362, 0.0355, 0.0353, 0.0358, 0.0342,
          0.0371, 0.0364, 0.0343],
         [0.0370, 0.0350, 0.0351, 0.0353, 0.0337, 0.0376, 0.0331, 0.0386,
          0.0383, 0.0373, 0.0405, 0.0353, 0.0395, 0.0403, 0.0341, 0.0381,
          0.0390, 0.0401, 0.0371, 0.0382, 0.0347, 0.0388, 0.0345, 0.0380,
          0.0349, 0.0376, 0.0383],
         [0.0378, 0.0403, 0.0360, 0.0382, 0.0357, 0.0367, 0.0355, 0.0351,
          0.0345, 0.0386, 0.0359, 0.0352, 0.0379, 0.0353, 0.0353, 0.0373,
          0.0363, 0.0391, 0.0381, 0.0350, 0.0363, 0.0393, 0.0358, 0.0385,
          0.0406, 0.0386, 0.0369],
         [0.0350, 0.0407, 0.0370, 0.0356, 0.0390, 0.0373, 0.0402, 0.0363,
          0.0407, 0.0332, 0.0323, 0.0376, 0.0371, 0.0368, 0.0366, 0.0383,
          0.0362, 0.0362, 0.0401, 0.0338, 0.0360, 0.0350, 0.0387, 0.0366,
          0.0411, 0.0349, 0.0377],
         [0.0356, 0.0345, 0.0396, 0.0339, 0.0344, 0.0389, 0.0340, 0.0360,
          0.0359, 0.0395, 0.0348, 0.0353, 0.0389, 0.0375, 0.0338, 0.0401,
          0.0390, 0.0386, 0.0398, 0.0389, 0.0373, 0.0375, 0.0417, 0.0348,
          0.0357, 0.0365, 0.0375],
         [0.0386, 0.0375, 0.0351, 0.0393, 0.0334, 0.0344, 0.0372, 0.0372,
          0.0377, 0.0366, 0.0382, 0.0386, 0.0371, 0.0378, 0.0378, 0.0371,
          0.0360, 0.0348, 0.0354, 0.0410, 0.0343, 0.0372, 0.0358, 0.0367,
          0.0388, 0.0383, 0.0380],
         [0.0364, 0.0355, 0.0389, 0.0385, 0.0345, 0.0403, 0.0358, 0.0346,
          0.0402, 0.0373, 0.0351, 0.0358, 0.0373, 0.0369, 0.0389, 0.0406,
          0.0398, 0.0386, 0.0338, 0.0405, 0.0346, 0.0344, 0.0363, 0.0375,
          0.0337, 0.0385, 0.0356]]], grad_fn=<SoftmaxBackward0>)
train cost:	42.26349639892578
queue lengths: 	tensor([3.7833, 0.4174, 1.1546, 1.6105, 2.4501, 0.1750, 5.0565, 0.4041, 1.5986,
        2.1549, 2.4030, 0.1763, 2.5686, 0.3920, 1.1962, 1.8512, 3.1229, 0.1971,
        2.8118, 0.3443, 0.9910, 1.3744, 2.2070, 0.1800, 2.4994, 0.2884, 0.8548],
       grad_fn=<MeanBackward1>)
Action Grads
tensor([[-14.9003,  -0.3421, -11.8660,   0.0000,   0.0000,   0.0000,   0.0000,
           0.0000,   0.0000,   0.0000,   0.0000,   0.0000,   0.0000,   0.0000,
           0.0000,   0.0000,   0.0000,   0.0000,   0.0000,   0.0000,   0.0000,
           0.0000,   0.0000,   0.0000,   0.0000,   0.0000,   0.0000],
        [  0.0000,   0.0000,   0.0000,   6.7703, -12.0564,  -1.8841,   0.0000,
           0.0000,   0.0000,   0.0000,   0.0000,   0.0000,   0.0000,   0.0000,
           0.0000,   0.0000,   0.0000,   0.0000,   0.0000,   0.0000,   0.0000,
           0.0000,   0.0000,   0.0000,   0.0000,   0.0000,   0.0000],
        [  0.0000,   0.0000,   0.0000,   0.0000,   0.0000,   0.0000, -18.3350,
          -3.6227, -13.3523,   0.0000,   0.0000,   0.0000,   0.0000,   0.0000,
           0.0000,   0.0000,   0.0000,   0.0000,   0.0000,   0.0000,   0.0000,
           0.0000,   0.0000,   0.0000,   0.0000,   0.0000,   0.0000],
        [  0.0000,   0.0000,   0.0000,   0.0000,   0.0000,   0.0000,   0.0000,
           0.0000,   0.0000,  -2.8122, -11.1497,  -5.2526,   0.0000,   0.0000,
           0.0000,   0.0000,   0.0000,   0.0000,   0.0000,   0.0000,   0.0000,
           0.0000,   0.0000,   0.0000,   0.0000,   0.0000,   0.0000],
        [  0.0000,   0.0000,   0.0000,   0.0000,   0.0000,   0.0000,   0.0000,
           0.0000,   0.0000,   0.0000,   0.0000,   0.0000,  -7.4451,   6.7647,
          -7.6519,   0.0000,   0.0000,   0.0000,   0.0000,   0.0000,   0.0000,
           0.0000,   0.0000,   0.0000,   0.0000,   0.0000,   0.0000],
        [  0.0000,   0.0000,   0.0000,   0.0000,   0.0000,   0.0000,   0.0000,
           0.0000,   0.0000,   0.0000,   0.0000,   0.0000,   0.0000,   0.0000,
           0.0000,   3.7355, -14.1867,  -8.4976,   0.0000,   0.0000,   0.0000,
           0.0000,   0.0000,   0.0000,   0.0000,   0.0000,   0.0000],
        [  0.0000,   0.0000,   0.0000,   0.0000,   0.0000,   0.0000,   0.0000,
           0.0000,   0.0000,   0.0000,   0.0000,   0.0000,   0.0000,   0.0000,
           0.0000,   0.0000,   0.0000,   0.0000, -12.3954,   3.0828, -10.7806,
           0.0000,   0.0000,   0.0000,   0.0000,   0.0000,   0.0000],
        [  0.0000,   0.0000,   0.0000,   0.0000,   0.0000,   0.0000,   0.0000,
           0.0000,   0.0000,   0.0000,   0.0000,   0.0000,   0.0000,   0.0000,
           0.0000,   0.0000,   0.0000,   0.0000,   0.0000,   0.0000,   0.0000,
          -0.7090, -15.9522,  -6.5694,   0.0000,   0.0000,   0.0000],
        [  0.0000,   0.0000,   0.0000,   0.0000,   0.0000,   0.0000,   0.0000,
           0.0000,   0.0000,   0.0000,   0.0000,   0.0000,   0.0000,   0.0000,
           0.0000,   0.0000,   0.0000,   0.0000,   0.0000,   0.0000,   0.0000,
           0.0000,   0.0000,   0.0000,  -8.2715,  -7.0626,  -7.6446]])
Priority Grads
tensor([[ -25.0328,   38.4533,  -36.5958,    0.0000,    0.0000,    0.0000,
            0.0000,    0.0000,    0.0000,    0.0000,    0.0000,    0.0000,
            0.0000,    0.0000,    0.0000,    0.0000,    0.0000,    0.0000,
            0.0000,    0.0000,    0.0000,    0.0000,    0.0000,    0.0000,
            0.0000,    0.0000,    0.0000],
        [   0.0000,    0.0000,    0.0000,   88.0100, -100.2332,  -11.8996,
            0.0000,    0.0000,    0.0000,    0.0000,    0.0000,    0.0000,
            0.0000,    0.0000,    0.0000,    0.0000,    0.0000,    0.0000,
            0.0000,    0.0000,    0.0000,    0.0000,    0.0000,    0.0000,
            0.0000,    0.0000,    0.0000],
        [   0.0000,    0.0000,    0.0000,    0.0000,    0.0000,    0.0000,
          -38.0135,    8.3952,   -3.7271,    0.0000,    0.0000,    0.0000,
            0.0000,    0.0000,    0.0000,    0.0000,    0.0000,    0.0000,
            0.0000,    0.0000,    0.0000,    0.0000,    0.0000,    0.0000,
            0.0000,    0.0000,    0.0000],
        [   0.0000,    0.0000,    0.0000,    0.0000,    0.0000,    0.0000,
            0.0000,    0.0000,    0.0000,   51.1626,  -35.8607,  -30.8339,
            0.0000,    0.0000,    0.0000,    0.0000,    0.0000,    0.0000,
            0.0000,    0.0000,    0.0000,    0.0000,    0.0000,    0.0000,
            0.0000,    0.0000,    0.0000],
        [   0.0000,    0.0000,    0.0000,    0.0000,    0.0000,    0.0000,
            0.0000,    0.0000,    0.0000,    0.0000,    0.0000,    0.0000,
          -29.2610,   63.0103,  -40.4651,    0.0000,    0.0000,    0.0000,
            0.0000,    0.0000,    0.0000,    0.0000,    0.0000,    0.0000,
            0.0000,    0.0000,    0.0000],
        [   0.0000,    0.0000,    0.0000,    0.0000,    0.0000,    0.0000,
            0.0000,    0.0000,    0.0000,    0.0000,    0.0000,    0.0000,
            0.0000,    0.0000,    0.0000,  112.2499,  -77.9067,  -59.1560,
            0.0000,    0.0000,    0.0000,    0.0000,    0.0000,    0.0000,
            0.0000,    0.0000,    0.0000],
        [   0.0000,    0.0000,    0.0000,    0.0000,    0.0000,    0.0000,
            0.0000,    0.0000,    0.0000,    0.0000,    0.0000,    0.0000,
            0.0000,    0.0000,    0.0000,    0.0000,    0.0000,    0.0000,
          -29.8035,   49.1991,  -42.3845,    0.0000,    0.0000,    0.0000,
            0.0000,    0.0000,    0.0000],
        [   0.0000,    0.0000,    0.0000,    0.0000,    0.0000,    0.0000,
            0.0000,    0.0000,    0.0000,    0.0000,    0.0000,    0.0000,
            0.0000,    0.0000,    0.0000,    0.0000,    0.0000,    0.0000,
            0.0000,    0.0000,    0.0000,   72.7004,  -71.6718,  -27.3915,
            0.0000,    0.0000,    0.0000],
        [   0.0000,    0.0000,    0.0000,    0.0000,    0.0000,    0.0000,
            0.0000,    0.0000,    0.0000,    0.0000,    0.0000,    0.0000,
            0.0000,    0.0000,    0.0000,    0.0000,    0.0000,    0.0000,
            0.0000,    0.0000,    0.0000,    0.0000,    0.0000,    0.0000,
           33.1212,  -28.3732,  -22.8836]])
queue lengths: 	tensor([5.6975, 0.6742, 1.5251, 2.5898, 6.1307, 0.2634, 5.7210, 0.5058, 1.4441,
        4.4804, 3.9211, 0.2736, 5.9103, 0.5660, 1.5939, 3.6746, 4.6776, 0.2863,
        5.9758, 0.5209, 1.4709, 3.2485, 5.2198, 0.2758, 5.6408, 0.4547, 1.2652])
final cost: 	79.01000213623047
test cost: 	74.00798034667969
all valid: 	True
tensor([[0., 0., 0., 0., 0., 0., 0., 0., 0., 0., 0., 0., 0., 0., 0., 0., 0., 0., 0., 0., 0., 0., 0., 0.,
         0., 0., 0.]])
tensor([[[0.0378, 0.0347, 0.0385, 0.0366, 0.0368, 0.0365, 0.0392, 0.0333,
          0.0360, 0.0425, 0.0378, 0.0380, 0.0387, 0.0351, 0.0368, 0.0347,
          0.0414, 0.0353, 0.0386, 0.0354, 0.0386, 0.0377, 0.0361, 0.0363,
          0.0391, 0.0353, 0.0330],
         [0.0377, 0.0364, 0.0374, 0.0397, 0.0337, 0.0369, 0.0337, 0.0363,
          0.0394, 0.0391, 0.0374, 0.0357, 0.0373, 0.0385, 0.0378, 0.0342,
          0.0351, 0.0377, 0.0377, 0.0338, 0.0381, 0.0379, 0.0348, 0.0383,
          0.0409, 0.0387, 0.0358],
         [0.0335, 0.0388, 0.0384, 0.0365, 0.0391, 0.0363, 0.0393, 0.0392,
          0.0342, 0.0380, 0.0378, 0.0358, 0.0375, 0.0385, 0.0390, 0.0412,
          0.0367, 0.0364, 0.0391, 0.0362, 0.0355, 0.0353, 0.0358, 0.0342,
          0.0370, 0.0364, 0.0343],
         [0.0370, 0.0350, 0.0351, 0.0353, 0.0337, 0.0376, 0.0332, 0.0385,
          0.0383, 0.0372, 0.0405, 0.0354, 0.0395, 0.0403, 0.0341, 0.0381,
          0.0389, 0.0401, 0.0371, 0.0382, 0.0348, 0.0389, 0.0345, 0.0381,
          0.0349, 0.0376, 0.0383],
         [0.0378, 0.0403, 0.0360, 0.0382, 0.0357, 0.0367, 0.0355, 0.0351,
          0.0345, 0.0387, 0.0359, 0.0352, 0.0380, 0.0353, 0.0354, 0.0373,
          0.0363, 0.0391, 0.0381, 0.0350, 0.0363, 0.0393, 0.0358, 0.0385,
          0.0406, 0.0386, 0.0369],
         [0.0350, 0.0407, 0.0370, 0.0356, 0.0390, 0.0373, 0.0402, 0.0364,
          0.0407, 0.0332, 0.0323, 0.0376, 0.0370, 0.0368, 0.0366, 0.0382,
          0.0362, 0.0362, 0.0401, 0.0338, 0.0360, 0.0350, 0.0387, 0.0366,
          0.0412, 0.0349, 0.0377],
         [0.0356, 0.0345, 0.0396, 0.0339, 0.0344, 0.0389, 0.0340, 0.0360,
          0.0360, 0.0395, 0.0348, 0.0353, 0.0389, 0.0375, 0.0337, 0.0401,
          0.0390, 0.0386, 0.0399, 0.0388, 0.0374, 0.0375, 0.0417, 0.0348,
          0.0358, 0.0364, 0.0375],
         [0.0386, 0.0374, 0.0352, 0.0394, 0.0334, 0.0345, 0.0372, 0.0372,
          0.0377, 0.0366, 0.0383, 0.0386, 0.0370, 0.0378, 0.0378, 0.0371,
          0.0360, 0.0348, 0.0354, 0.0410, 0.0343, 0.0371, 0.0359, 0.0367,
          0.0388, 0.0383, 0.0380],
         [0.0364, 0.0355, 0.0389, 0.0385, 0.0345, 0.0402, 0.0359, 0.0345,
          0.0402, 0.0373, 0.0350, 0.0358, 0.0373, 0.0369, 0.0389, 0.0406,
          0.0398, 0.0386, 0.0338, 0.0405, 0.0346, 0.0344, 0.0363, 0.0375,
          0.0336, 0.0386, 0.0357]]], grad_fn=<SoftmaxBackward0>)
train cost:	46.766632080078125
queue lengths: 	tensor([3.2163, 0.5151, 1.1823, 1.7078, 3.9485, 0.1839, 3.0780, 0.3710, 1.1404,
        3.1930, 3.3271, 0.1805, 3.4997, 0.4203, 1.3128, 2.0064, 2.5442, 0.1709,
        3.8548, 0.3912, 1.0537, 2.1171, 1.9097, 0.1853, 3.9447, 0.3420, 0.9697],
       grad_fn=<MeanBackward1>)
Action Grads
tensor([[ -9.4280,  16.2215,  -7.3882,   0.0000,   0.0000,   0.0000,   0.0000,
           0.0000,   0.0000,   0.0000,   0.0000,   0.0000,   0.0000,   0.0000,
           0.0000,   0.0000,   0.0000,   0.0000,   0.0000,   0.0000,   0.0000,
           0.0000,   0.0000,   0.0000,   0.0000,   0.0000,   0.0000],
        [  0.0000,   0.0000,   0.0000,   5.3042, -24.0369,  -3.0313,   0.0000,
           0.0000,   0.0000,   0.0000,   0.0000,   0.0000,   0.0000,   0.0000,
           0.0000,   0.0000,   0.0000,   0.0000,   0.0000,   0.0000,   0.0000,
           0.0000,   0.0000,   0.0000,   0.0000,   0.0000,   0.0000],
        [  0.0000,   0.0000,   0.0000,   0.0000,   0.0000,   0.0000,  -7.7883,
           3.6538,  -6.0233,   0.0000,   0.0000,   0.0000,   0.0000,   0.0000,
           0.0000,   0.0000,   0.0000,   0.0000,   0.0000,   0.0000,   0.0000,
           0.0000,   0.0000,   0.0000,   0.0000,   0.0000,   0.0000],
        [  0.0000,   0.0000,   0.0000,   0.0000,   0.0000,   0.0000,   0.0000,
           0.0000,   0.0000,   3.6158, -10.2483,  -1.5047,   0.0000,   0.0000,
           0.0000,   0.0000,   0.0000,   0.0000,   0.0000,   0.0000,   0.0000,
           0.0000,   0.0000,   0.0000,   0.0000,   0.0000,   0.0000],
        [  0.0000,   0.0000,   0.0000,   0.0000,   0.0000,   0.0000,   0.0000,
           0.0000,   0.0000,   0.0000,   0.0000,   0.0000,  -8.8634,   0.9068,
          -7.3895,   0.0000,   0.0000,   0.0000,   0.0000,   0.0000,   0.0000,
           0.0000,   0.0000,   0.0000,   0.0000,   0.0000,   0.0000],
        [  0.0000,   0.0000,   0.0000,   0.0000,   0.0000,   0.0000,   0.0000,
           0.0000,   0.0000,   0.0000,   0.0000,   0.0000,   0.0000,   0.0000,
           0.0000,  11.0072,  -8.3147,  -1.6700,   0.0000,   0.0000,   0.0000,
           0.0000,   0.0000,   0.0000,   0.0000,   0.0000,   0.0000],
        [  0.0000,   0.0000,   0.0000,   0.0000,   0.0000,   0.0000,   0.0000,
           0.0000,   0.0000,   0.0000,   0.0000,   0.0000,   0.0000,   0.0000,
           0.0000,   0.0000,   0.0000,   0.0000, -15.2997,   2.1147,  -7.1055,
           0.0000,   0.0000,   0.0000,   0.0000,   0.0000,   0.0000],
        [  0.0000,   0.0000,   0.0000,   0.0000,   0.0000,   0.0000,   0.0000,
           0.0000,   0.0000,   0.0000,   0.0000,   0.0000,   0.0000,   0.0000,
           0.0000,   0.0000,   0.0000,   0.0000,   0.0000,   0.0000,   0.0000,
           4.2713,  -6.0997,  -6.2450,   0.0000,   0.0000,   0.0000],
        [  0.0000,   0.0000,   0.0000,   0.0000,   0.0000,   0.0000,   0.0000,
           0.0000,   0.0000,   0.0000,   0.0000,   0.0000,   0.0000,   0.0000,
           0.0000,   0.0000,   0.0000,   0.0000,   0.0000,   0.0000,   0.0000,
           0.0000,   0.0000,   0.0000, -13.4052,  -5.4553,  -7.1264]])
Priority Grads
tensor([[ -64.3480,  140.0515,  -60.7481,    0.0000,    0.0000,    0.0000,
            0.0000,    0.0000,    0.0000,    0.0000,    0.0000,    0.0000,
            0.0000,    0.0000,    0.0000,    0.0000,    0.0000,    0.0000,
            0.0000,    0.0000,    0.0000,    0.0000,    0.0000,    0.0000,
            0.0000,    0.0000,    0.0000],
        [   0.0000,    0.0000,    0.0000,  139.9389, -180.4019,   -7.8603,
            0.0000,    0.0000,    0.0000,    0.0000,    0.0000,    0.0000,
            0.0000,    0.0000,    0.0000,    0.0000,    0.0000,    0.0000,
            0.0000,    0.0000,    0.0000,    0.0000,    0.0000,    0.0000,
            0.0000,    0.0000,    0.0000],
        [   0.0000,    0.0000,    0.0000,    0.0000,    0.0000,    0.0000,
          -35.2073,   32.5689,   -7.9454,    0.0000,    0.0000,    0.0000,
            0.0000,    0.0000,    0.0000,    0.0000,    0.0000,    0.0000,
            0.0000,    0.0000,    0.0000,    0.0000,    0.0000,    0.0000,
            0.0000,    0.0000,    0.0000],
        [   0.0000,    0.0000,    0.0000,    0.0000,    0.0000,    0.0000,
            0.0000,    0.0000,    0.0000,   79.5990,  -68.9671,   -8.4615,
            0.0000,    0.0000,    0.0000,    0.0000,    0.0000,    0.0000,
            0.0000,    0.0000,    0.0000,    0.0000,    0.0000,    0.0000,
            0.0000,    0.0000,    0.0000],
        [   0.0000,    0.0000,    0.0000,    0.0000,    0.0000,    0.0000,
            0.0000,    0.0000,    0.0000,    0.0000,    0.0000,    0.0000,
          -24.9807,   30.3199,  -19.5203,    0.0000,    0.0000,    0.0000,
            0.0000,    0.0000,    0.0000,    0.0000,    0.0000,    0.0000,
            0.0000,    0.0000,    0.0000],
        [   0.0000,    0.0000,    0.0000,    0.0000,    0.0000,    0.0000,
            0.0000,    0.0000,    0.0000,    0.0000,    0.0000,    0.0000,
            0.0000,    0.0000,    0.0000,   95.4589,  -76.9925,  -18.4073,
            0.0000,    0.0000,    0.0000,    0.0000,    0.0000,    0.0000,
            0.0000,    0.0000,    0.0000],
        [   0.0000,    0.0000,    0.0000,    0.0000,    0.0000,    0.0000,
            0.0000,    0.0000,    0.0000,    0.0000,    0.0000,    0.0000,
            0.0000,    0.0000,    0.0000,    0.0000,    0.0000,    0.0000,
          -63.5760,   37.1138,    7.0515,    0.0000,    0.0000,    0.0000,
            0.0000,    0.0000,    0.0000],
        [   0.0000,    0.0000,    0.0000,    0.0000,    0.0000,    0.0000,
            0.0000,    0.0000,    0.0000,    0.0000,    0.0000,    0.0000,
            0.0000,    0.0000,    0.0000,    0.0000,    0.0000,    0.0000,
            0.0000,    0.0000,    0.0000,   65.9566,  -32.5922,  -43.1994,
            0.0000,    0.0000,    0.0000],
        [   0.0000,    0.0000,    0.0000,    0.0000,    0.0000,    0.0000,
            0.0000,    0.0000,    0.0000,    0.0000,    0.0000,    0.0000,
            0.0000,    0.0000,    0.0000,    0.0000,    0.0000,    0.0000,
            0.0000,    0.0000,    0.0000,    0.0000,    0.0000,    0.0000,
          -14.2401,  -16.7441,    5.0875]])
queue lengths: 	tensor([5.7915, 0.6903, 1.5244, 2.7353, 5.9058, 0.2632, 5.5885, 0.5092, 1.4378,
        4.7865, 3.7972, 0.2708, 6.0072, 0.5659, 1.5603, 3.7341, 4.2982, 0.2849,
        5.7834, 0.5216, 1.4781, 3.3335, 4.7760, 0.2733, 5.8563, 0.4461, 1.2430])
final cost: 	74.48999786376953
test cost: 	73.462158203125
all valid: 	True
tensor([[0., 0., 0., 0., 0., 0., 0., 0., 0., 0., 0., 0., 0., 0., 0., 0., 0., 0., 0., 0., 0., 0., 0., 0.,
         0., 0., 0.]])
tensor([[[0.0379, 0.0347, 0.0385, 0.0366, 0.0368, 0.0365, 0.0392, 0.0333,
          0.0360, 0.0424, 0.0379, 0.0379, 0.0387, 0.0351, 0.0369, 0.0347,
          0.0414, 0.0353, 0.0386, 0.0354, 0.0386, 0.0378, 0.0361, 0.0363,
          0.0392, 0.0353, 0.0330],
         [0.0377, 0.0364, 0.0374, 0.0396, 0.0338, 0.0369, 0.0337, 0.0363,
          0.0393, 0.0390, 0.0374, 0.0358, 0.0373, 0.0385, 0.0378, 0.0342,
          0.0351, 0.0377, 0.0376, 0.0338, 0.0381, 0.0379, 0.0348, 0.0383,
          0.0409, 0.0387, 0.0358],
         [0.0335, 0.0388, 0.0385, 0.0365, 0.0391, 0.0363, 0.0394, 0.0391,
          0.0343, 0.0380, 0.0378, 0.0357, 0.0375, 0.0385, 0.0390, 0.0412,
          0.0367, 0.0364, 0.0391, 0.0362, 0.0355, 0.0353, 0.0358, 0.0343,
          0.0370, 0.0364, 0.0343],
         [0.0370, 0.0351, 0.0351, 0.0353, 0.0336, 0.0376, 0.0332, 0.0385,
          0.0383, 0.0371, 0.0406, 0.0354, 0.0395, 0.0403, 0.0341, 0.0381,
          0.0389, 0.0401, 0.0371, 0.0381, 0.0348, 0.0389, 0.0345, 0.0381,
          0.0350, 0.0376, 0.0383],
         [0.0378, 0.0403, 0.0360, 0.0382, 0.0357, 0.0367, 0.0355, 0.0350,
          0.0345, 0.0387, 0.0359, 0.0352, 0.0380, 0.0352, 0.0354, 0.0373,
          0.0364, 0.0391, 0.0381, 0.0350, 0.0363, 0.0393, 0.0358, 0.0385,
          0.0406, 0.0386, 0.0369],
         [0.0350, 0.0407, 0.0370, 0.0356, 0.0390, 0.0373, 0.0402, 0.0364,
          0.0406, 0.0332, 0.0323, 0.0376, 0.0370, 0.0368, 0.0366, 0.0381,
          0.0363, 0.0362, 0.0401, 0.0338, 0.0360, 0.0351, 0.0387, 0.0365,
          0.0412, 0.0349, 0.0377],
         [0.0356, 0.0345, 0.0397, 0.0339, 0.0344, 0.0388, 0.0340, 0.0360,
          0.0360, 0.0395, 0.0348, 0.0353, 0.0389, 0.0375, 0.0337, 0.0402,
          0.0390, 0.0386, 0.0399, 0.0388, 0.0374, 0.0375, 0.0417, 0.0348,
          0.0358, 0.0364, 0.0375],
         [0.0386, 0.0374, 0.0352, 0.0394, 0.0334, 0.0345, 0.0372, 0.0372,
          0.0377, 0.0366, 0.0383, 0.0386, 0.0370, 0.0378, 0.0378, 0.0372,
          0.0360, 0.0348, 0.0353, 0.0411, 0.0344, 0.0369, 0.0359, 0.0368,
          0.0388, 0.0383, 0.0379],
         [0.0364, 0.0355, 0.0389, 0.0385, 0.0345, 0.0402, 0.0359, 0.0345,
          0.0403, 0.0373, 0.0350, 0.0358, 0.0373, 0.0369, 0.0388, 0.0406,
          0.0398, 0.0387, 0.0338, 0.0405, 0.0346, 0.0344, 0.0363, 0.0375,
          0.0335, 0.0386, 0.0357]]], grad_fn=<SoftmaxBackward0>)
train cost:	75.8847427368164
queue lengths: 	tensor([ 6.0557,  0.5646,  1.3336,  3.4599, 10.3599,  0.2145,  4.6703,  0.4901,
         1.2913,  3.1630,  3.5398,  0.1828,  5.5952,  0.5445,  1.6241,  4.6400,
         5.7636,  0.2068,  7.7443,  0.4195,  1.4203,  2.8163,  3.7870,  0.1827,
         4.1952,  0.3771,  1.2423], grad_fn=<MeanBackward1>)
Action Grads
tensor([[-28.2353,  43.5190, -19.1918,   0.0000,   0.0000,   0.0000,   0.0000,
           0.0000,   0.0000,   0.0000,   0.0000,   0.0000,   0.0000,   0.0000,
           0.0000,   0.0000,   0.0000,   0.0000,   0.0000,   0.0000,   0.0000,
           0.0000,   0.0000,   0.0000,   0.0000,   0.0000,   0.0000],
        [  0.0000,   0.0000,   0.0000,  -2.6786, -52.7939, -10.6543,   0.0000,
