env: reentrant_7
model: ppg_softmax
model: ppg_softmax
queue lengths: 	tensor([4.9831, 0.6082, 1.3568, 2.5401, 3.5115, 0.2920, 4.7188, 0.5565, 0.9963,
        2.6729, 3.2435, 0.3102, 4.5086, 0.4241, 1.0617, 2.6300, 2.5754, 0.2439,
        3.9505, 0.4807, 1.0717])
final cost: 	53.040000915527344
test cost: 	42.736427307128906
all valid: 	True
tensor([[0., 0., 0., 0., 0., 0., 0., 0., 0., 0., 0., 0., 0., 0., 0., 0., 0., 0., 0., 0., 0.]])
tensor([[[0.0502, 0.0478, 0.0500, 0.0429, 0.0480, 0.0483, 0.0498, 0.0495,
          0.0511, 0.0448, 0.0509, 0.0435, 0.0487, 0.0458, 0.0475, 0.0493,
          0.0500, 0.0453, 0.0450, 0.0417, 0.0497],
         [0.0450, 0.0476, 0.0525, 0.0467, 0.0462, 0.0442, 0.0495, 0.0520,
          0.0488, 0.0502, 0.0454, 0.0464, 0.0488, 0.0460, 0.0457, 0.0480,
          0.0486, 0.0466, 0.0452, 0.0473, 0.0493],
         [0.0490, 0.0488, 0.0532, 0.0495, 0.0438, 0.0482, 0.0430, 0.0432,
          0.0513, 0.0484, 0.0436, 0.0473, 0.0457, 0.0487, 0.0464, 0.0468,
          0.0460, 0.0514, 0.0456, 0.0497, 0.0502],
         [0.0437, 0.0512, 0.0466, 0.0468, 0.0440, 0.0455, 0.0452, 0.0481,
          0.0480, 0.0497, 0.0493, 0.0430, 0.0487, 0.0439, 0.0536, 0.0475,
          0.0456, 0.0474, 0.0518, 0.0499, 0.0505],
         [0.0473, 0.0456, 0.0498, 0.0430, 0.0548, 0.0462, 0.0520, 0.0494,
          0.0433, 0.0456, 0.0525, 0.0422, 0.0468, 0.0487, 0.0488, 0.0444,
          0.0519, 0.0454, 0.0464, 0.0447, 0.0512],
         [0.0434, 0.0458, 0.0473, 0.0481, 0.0441, 0.0501, 0.0443, 0.0467,
          0.0467, 0.0522, 0.0518, 0.0526, 0.0455, 0.0461, 0.0447, 0.0444,
          0.0472, 0.0470, 0.0510, 0.0490, 0.0520],
         [0.0454, 0.0474, 0.0481, 0.0427, 0.0447, 0.0492, 0.0493, 0.0461,
          0.0442, 0.0467, 0.0535, 0.0488, 0.0480, 0.0444, 0.0510, 0.0492,
          0.0492, 0.0449, 0.0486, 0.0465, 0.0521]]],
       grad_fn=<SoftmaxBackward0>)
train cost:	43.67644500732422
queue lengths: 	tensor([5.0569, 0.4897, 1.5357, 3.0919, 5.7846, 0.2483, 4.2617, 0.4202, 0.9931,
        2.4972, 4.1566, 0.2408, 4.4755, 0.3066, 0.9194, 1.9297, 1.9417, 0.1663,
        3.6860, 0.4152, 1.0594], grad_fn=<MeanBackward1>)
Action Grads
tensor([[-39.0764,   9.4423, -26.2272,   0.0000,   0.0000,   0.0000,   0.0000,
           0.0000,   0.0000,   0.0000,   0.0000,   0.0000,   0.0000,   0.0000,
           0.0000,   0.0000,   0.0000,   0.0000,   0.0000,   0.0000,   0.0000],
        [  0.0000,   0.0000,   0.0000,  -4.8445, -29.0736, -15.8186,   0.0000,
           0.0000,   0.0000,   0.0000,   0.0000,   0.0000,   0.0000,   0.0000,
           0.0000,   0.0000,   0.0000,   0.0000,   0.0000,   0.0000,   0.0000],
        [  0.0000,   0.0000,   0.0000,   0.0000,   0.0000,   0.0000, -11.1342,
          31.4946, -23.5219,   0.0000,   0.0000,   0.0000,   0.0000,   0.0000,
           0.0000,   0.0000,   0.0000,   0.0000,   0.0000,   0.0000,   0.0000],
        [  0.0000,   0.0000,   0.0000,   0.0000,   0.0000,   0.0000,   0.0000,
           0.0000,   0.0000,  -0.2219, -35.1564, -15.4162,   0.0000,   0.0000,
           0.0000,   0.0000,   0.0000,   0.0000,   0.0000,   0.0000,   0.0000],
        [  0.0000,   0.0000,   0.0000,   0.0000,   0.0000,   0.0000,   0.0000,
           0.0000,   0.0000,   0.0000,   0.0000,   0.0000, -14.7118,   0.7908,
         -23.6273,   0.0000,   0.0000,   0.0000,   0.0000,   0.0000,   0.0000],
        [  0.0000,   0.0000,   0.0000,   0.0000,   0.0000,   0.0000,   0.0000,
           0.0000,   0.0000,   0.0000,   0.0000,   0.0000,   0.0000,   0.0000,
           0.0000,   5.9174, -19.0929, -12.7799,   0.0000,   0.0000,   0.0000],
        [  0.0000,   0.0000,   0.0000,   0.0000,   0.0000,   0.0000,   0.0000,
           0.0000,   0.0000,   0.0000,   0.0000,   0.0000,   0.0000,   0.0000,
           0.0000,   0.0000,   0.0000,   0.0000, -25.0611, -11.1228,  -6.8500]])
Priority Grads
tensor([[ -89.0371,   67.1688,  -22.6189,    0.0000,    0.0000,    0.0000,
            0.0000,    0.0000,    0.0000,    0.0000,    0.0000,    0.0000,
            0.0000,    0.0000,    0.0000,    0.0000,    0.0000,    0.0000,
            0.0000,    0.0000,    0.0000],
        [   0.0000,    0.0000,    0.0000,  112.5428,  -87.8012,  -79.6239,
            0.0000,    0.0000,    0.0000,    0.0000,    0.0000,    0.0000,
            0.0000,    0.0000,    0.0000,    0.0000,    0.0000,    0.0000,
            0.0000,    0.0000,    0.0000],
        [   0.0000,    0.0000,    0.0000,    0.0000,    0.0000,    0.0000,
          -70.4973,  220.3791, -116.7067,    0.0000,    0.0000,    0.0000,
            0.0000,    0.0000,    0.0000,    0.0000,    0.0000,    0.0000,
            0.0000,    0.0000,    0.0000],
        [   0.0000,    0.0000,    0.0000,    0.0000,    0.0000,    0.0000,
            0.0000,    0.0000,    0.0000,  172.4841, -167.7447,  -65.3202,
            0.0000,    0.0000,    0.0000,    0.0000,    0.0000,    0.0000,
            0.0000,    0.0000,    0.0000],
        [   0.0000,    0.0000,    0.0000,    0.0000,    0.0000,    0.0000,
            0.0000,    0.0000,    0.0000,    0.0000,    0.0000,    0.0000,
           28.2015,   20.2800,  -83.3630,    0.0000,    0.0000,    0.0000,
            0.0000,    0.0000,    0.0000],
        [   0.0000,    0.0000,    0.0000,    0.0000,    0.0000,    0.0000,
            0.0000,    0.0000,    0.0000,    0.0000,    0.0000,    0.0000,
            0.0000,    0.0000,    0.0000,  166.9550, -115.0047,  -59.0190,
            0.0000,    0.0000,    0.0000],
        [   0.0000,    0.0000,    0.0000,    0.0000,    0.0000,    0.0000,
            0.0000,    0.0000,    0.0000,    0.0000,    0.0000,    0.0000,
            0.0000,    0.0000,    0.0000,    0.0000,    0.0000,    0.0000,
          -76.7619,  -29.8566,   58.2112]])
queue lengths: 	tensor([5.0571, 0.6205, 1.4505, 2.6937, 3.2939, 0.2898, 4.4246, 0.5956, 1.0618,
        2.4729, 3.1443, 0.3091, 4.3181, 0.4334, 1.0250, 2.5216, 2.5391, 0.2438,
        3.8136, 0.4749, 1.0905])
final cost: 	54.16999816894531
test cost: 	41.87371063232422
all valid: 	True
tensor([[0., 0., 0., 0., 0., 0., 0., 0., 0., 0., 0., 0., 0., 0., 0., 0., 0., 0., 0., 0., 0.]])
tensor([[[0.0503, 0.0477, 0.0500, 0.0430, 0.0480, 0.0483, 0.0498, 0.0495,
          0.0511, 0.0448, 0.0509, 0.0435, 0.0486, 0.0458, 0.0475, 0.0493,
          0.0500, 0.0453, 0.0451, 0.0417, 0.0497],
         [0.0449, 0.0476, 0.0525, 0.0466, 0.0462, 0.0442, 0.0494, 0.0521,
          0.0488, 0.0503, 0.0454, 0.0464, 0.0488, 0.0460, 0.0457, 0.0480,
          0.0485, 0.0466, 0.0452, 0.0473, 0.0493],
         [0.0489, 0.0487, 0.0532, 0.0495, 0.0438, 0.0482, 0.0431, 0.0431,
          0.0514, 0.0484, 0.0436, 0.0472, 0.0457, 0.0488, 0.0464, 0.0468,
          0.0460, 0.0513, 0.0456, 0.0498, 0.0502],
         [0.0437, 0.0512, 0.0466, 0.0468, 0.0440, 0.0455, 0.0452, 0.0481,
          0.0481, 0.0495, 0.0494, 0.0430, 0.0487, 0.0438, 0.0536, 0.0476,
          0.0455, 0.0475, 0.0517, 0.0499, 0.0504],
         [0.0473, 0.0456, 0.0498, 0.0431, 0.0548, 0.0462, 0.0520, 0.0494,
          0.0433, 0.0456, 0.0525, 0.0422, 0.0467, 0.0486, 0.0489, 0.0444,
          0.0519, 0.0454, 0.0464, 0.0448, 0.0512],
         [0.0434, 0.0458, 0.0473, 0.0480, 0.0441, 0.0502, 0.0442, 0.0467,
          0.0467, 0.0522, 0.0518, 0.0527, 0.0455, 0.0461, 0.0448, 0.0442,
          0.0473, 0.0470, 0.0510, 0.0489, 0.0520],
         [0.0454, 0.0474, 0.0481, 0.0427, 0.0447, 0.0492, 0.0493, 0.0461,
          0.0442, 0.0466, 0.0535, 0.0487, 0.0480, 0.0443, 0.0511, 0.0492,
          0.0491, 0.0449, 0.0487, 0.0466, 0.0520]]],
       grad_fn=<SoftmaxBackward0>)
train cost:	36.28514099121094
queue lengths: 	tensor([3.2159, 0.3807, 1.0806, 1.4242, 1.5356, 0.1928, 3.4819, 0.4427, 1.1093,
        1.5674, 2.0787, 0.1995, 3.7458, 0.3227, 0.9753, 3.5001, 2.1961, 0.1816,
        6.3337, 0.3698, 1.9506], grad_fn=<MeanBackward1>)
Action Grads
tensor([[-17.9878,  -4.3943, -10.6195,   0.0000,   0.0000,   0.0000,   0.0000,
           0.0000,   0.0000,   0.0000,   0.0000,   0.0000,   0.0000,   0.0000,
           0.0000,   0.0000,   0.0000,   0.0000,   0.0000,   0.0000,   0.0000],
        [  0.0000,   0.0000,   0.0000,   4.0207,  -8.5539,  -2.9503,   0.0000,
           0.0000,   0.0000,   0.0000,   0.0000,   0.0000,   0.0000,   0.0000,
           0.0000,   0.0000,   0.0000,   0.0000,   0.0000,   0.0000,   0.0000],
        [  0.0000,   0.0000,   0.0000,   0.0000,   0.0000,   0.0000, -12.6817,
          -0.4717, -12.2630,   0.0000,   0.0000,   0.0000,   0.0000,   0.0000,
           0.0000,   0.0000,   0.0000,   0.0000,   0.0000,   0.0000,   0.0000],
        [  0.0000,   0.0000,   0.0000,   0.0000,   0.0000,   0.0000,   0.0000,
           0.0000,   0.0000,   0.6619, -13.2874,  -6.1396,   0.0000,   0.0000,
           0.0000,   0.0000,   0.0000,   0.0000,   0.0000,   0.0000,   0.0000],
        [  0.0000,   0.0000,   0.0000,   0.0000,   0.0000,   0.0000,   0.0000,
           0.0000,   0.0000,   0.0000,   0.0000,   0.0000,   1.7477,  -2.6869,
         -10.5306,   0.0000,   0.0000,   0.0000,   0.0000,   0.0000,   0.0000],
        [  0.0000,   0.0000,   0.0000,   0.0000,   0.0000,   0.0000,   0.0000,
           0.0000,   0.0000,   0.0000,   0.0000,   0.0000,   0.0000,   0.0000,
           0.0000,  34.7689, -14.0222,   1.1194,   0.0000,   0.0000,   0.0000],
        [  0.0000,   0.0000,   0.0000,   0.0000,   0.0000,   0.0000,   0.0000,
           0.0000,   0.0000,   0.0000,   0.0000,   0.0000,   0.0000,   0.0000,
           0.0000,   0.0000,   0.0000,   0.0000, -49.7858, -16.5871, -10.5673]])
Priority Grads
tensor([[ -26.3978,    0.5118,   -3.9690,    0.0000,    0.0000,    0.0000,
            0.0000,    0.0000,    0.0000,    0.0000,    0.0000,    0.0000,
            0.0000,    0.0000,    0.0000,    0.0000,    0.0000,    0.0000,
            0.0000,    0.0000,    0.0000],
        [   0.0000,    0.0000,    0.0000,   46.4753,  -42.6062,  -11.4297,
            0.0000,    0.0000,    0.0000,    0.0000,    0.0000,    0.0000,
            0.0000,    0.0000,    0.0000,    0.0000,    0.0000,    0.0000,
            0.0000,    0.0000,    0.0000],
        [   0.0000,    0.0000,    0.0000,    0.0000,    0.0000,    0.0000,
          -15.1868,   33.8086,  -34.7473,    0.0000,    0.0000,    0.0000,
            0.0000,    0.0000,    0.0000,    0.0000,    0.0000,    0.0000,
            0.0000,    0.0000,    0.0000],
        [   0.0000,    0.0000,    0.0000,    0.0000,    0.0000,    0.0000,
            0.0000,    0.0000,    0.0000,   53.9646,  -40.0580,  -35.1725,
            0.0000,    0.0000,    0.0000,    0.0000,    0.0000,    0.0000,
            0.0000,    0.0000,    0.0000],
        [   0.0000,    0.0000,    0.0000,    0.0000,    0.0000,    0.0000,
            0.0000,    0.0000,    0.0000,    0.0000,    0.0000,    0.0000,
           53.3217,   -3.0176,  -53.5908,    0.0000,    0.0000,    0.0000,
            0.0000,    0.0000,    0.0000],
        [   0.0000,    0.0000,    0.0000,    0.0000,    0.0000,    0.0000,
            0.0000,    0.0000,    0.0000,    0.0000,    0.0000,    0.0000,
            0.0000,    0.0000,    0.0000,  248.1696, -195.8913,    0.8012,
            0.0000,    0.0000,    0.0000],
        [   0.0000,    0.0000,    0.0000,    0.0000,    0.0000,    0.0000,
            0.0000,    0.0000,    0.0000,    0.0000,    0.0000,    0.0000,
            0.0000,    0.0000,    0.0000,    0.0000,    0.0000,    0.0000,
         -138.5164,  -18.9717,   72.6647]])
queue lengths: 	tensor([4.6687, 0.6268, 1.4247, 2.5950, 3.1679, 0.2813, 4.5788, 0.5829, 0.9969,
        2.5489, 2.7537, 0.2939, 4.3917, 0.4304, 1.0418, 2.7564, 2.3022, 0.2445,
        3.7731, 0.4606, 1.0685])
final cost: 	53.41999816894531
test cost: 	40.988739013671875
all valid: 	True
tensor([[0., 0., 0., 0., 0., 0., 0., 0., 0., 0., 0., 0., 0., 0., 0., 0., 0., 0., 0., 0., 0.]])
tensor([[[0.0504, 0.0476, 0.0499, 0.0429, 0.0481, 0.0483, 0.0498, 0.0495,
          0.0511, 0.0448, 0.0510, 0.0435, 0.0486, 0.0457, 0.0474, 0.0493,
          0.0500, 0.0453, 0.0451, 0.0417, 0.0498],
         [0.0449, 0.0476, 0.0525, 0.0465, 0.0463, 0.0442, 0.0494, 0.0521,
          0.0488, 0.0503, 0.0454, 0.0465, 0.0488, 0.0460, 0.0457, 0.0480,
          0.0486, 0.0466, 0.0452, 0.0473, 0.0493],
         [0.0489, 0.0487, 0.0532, 0.0496, 0.0438, 0.0482, 0.0432, 0.0430,
          0.0515, 0.0484, 0.0436, 0.0473, 0.0458, 0.0488, 0.0464, 0.0468,
          0.0460, 0.0513, 0.0456, 0.0498, 0.0502],
         [0.0438, 0.0511, 0.0466, 0.0468, 0.0439, 0.0455, 0.0452, 0.0482,
          0.0481, 0.0494, 0.0495, 0.0431, 0.0487, 0.0438, 0.0537, 0.0476,
          0.0455, 0.0475, 0.0517, 0.0499, 0.0504],
         [0.0472, 0.0456, 0.0498, 0.0430, 0.0548, 0.0463, 0.0520, 0.0494,
          0.0433, 0.0456, 0.0525, 0.0422, 0.0466, 0.0486, 0.0490, 0.0444,
          0.0519, 0.0454, 0.0464, 0.0448, 0.0511],
         [0.0434, 0.0459, 0.0473, 0.0480, 0.0441, 0.0502, 0.0442, 0.0467,
          0.0466, 0.0522, 0.0518, 0.0527, 0.0455, 0.0461, 0.0447, 0.0441,
          0.0475, 0.0471, 0.0510, 0.0489, 0.0519],
         [0.0454, 0.0475, 0.0480, 0.0427, 0.0447, 0.0492, 0.0492, 0.0461,
          0.0442, 0.0466, 0.0535, 0.0487, 0.0480, 0.0443, 0.0511, 0.0492,
          0.0491, 0.0449, 0.0488, 0.0467, 0.0519]]],
       grad_fn=<SoftmaxBackward0>)
train cost:	34.92308807373047
queue lengths: 	tensor([3.4198, 0.4196, 0.9654, 2.0153, 2.1383, 0.1648, 4.4719, 0.3929, 0.8177,
        2.4601, 2.4374, 0.1634, 3.6395, 0.3688, 0.8366, 2.2659, 2.8930, 0.1535,
        3.7639, 0.3936, 0.7419], grad_fn=<MeanBackward1>)
Action Grads
tensor([[-10.9598,  -3.4566,  -7.6060,   0.0000,   0.0000,   0.0000,   0.0000,
           0.0000,   0.0000,   0.0000,   0.0000,   0.0000,   0.0000,   0.0000,
           0.0000,   0.0000,   0.0000,   0.0000,   0.0000,   0.0000,   0.0000],
        [  0.0000,   0.0000,   0.0000,   4.9450, -16.9692, -10.7287,   0.0000,
           0.0000,   0.0000,   0.0000,   0.0000,   0.0000,   0.0000,   0.0000,
           0.0000,   0.0000,   0.0000,   0.0000,   0.0000,   0.0000,   0.0000],
        [  0.0000,   0.0000,   0.0000,   0.0000,   0.0000,   0.0000, -15.6280,
          -2.1856,  -8.5699,   0.0000,   0.0000,   0.0000,   0.0000,   0.0000,
           0.0000,   0.0000,   0.0000,   0.0000,   0.0000,   0.0000,   0.0000],
        [  0.0000,   0.0000,   0.0000,   0.0000,   0.0000,   0.0000,   0.0000,
           0.0000,   0.0000,  14.1943, -11.2138,  -6.3612,   0.0000,   0.0000,
           0.0000,   0.0000,   0.0000,   0.0000,   0.0000,   0.0000,   0.0000],
        [  0.0000,   0.0000,   0.0000,   0.0000,   0.0000,   0.0000,   0.0000,
           0.0000,   0.0000,   0.0000,   0.0000,   0.0000, -14.5902,  13.5843,
          -5.3419,   0.0000,   0.0000,   0.0000,   0.0000,   0.0000,   0.0000],
        [  0.0000,   0.0000,   0.0000,   0.0000,   0.0000,   0.0000,   0.0000,
           0.0000,   0.0000,   0.0000,   0.0000,   0.0000,   0.0000,   0.0000,
           0.0000,  -0.3635, -17.7388,  -2.1982,   0.0000,   0.0000,   0.0000],
        [  0.0000,   0.0000,   0.0000,   0.0000,   0.0000,   0.0000,   0.0000,
           0.0000,   0.0000,   0.0000,   0.0000,   0.0000,   0.0000,   0.0000,
           0.0000,   0.0000,   0.0000,   0.0000, -14.8384, -11.8258,  -6.5867]])
Priority Grads
tensor([[-13.6293,   9.6699, -15.3896,   0.0000,   0.0000,   0.0000,   0.0000,
           0.0000,   0.0000,   0.0000,   0.0000,   0.0000,   0.0000,   0.0000,
           0.0000,   0.0000,   0.0000,   0.0000,   0.0000,   0.0000,   0.0000],
        [  0.0000,   0.0000,   0.0000, 101.0316, -70.4116, -55.0243,   0.0000,
           0.0000,   0.0000,   0.0000,   0.0000,   0.0000,   0.0000,   0.0000,
           0.0000,   0.0000,   0.0000,   0.0000,   0.0000,   0.0000,   0.0000],
        [  0.0000,   0.0000,   0.0000,   0.0000,   0.0000,   0.0000, -42.6632,
          28.6673, -11.7568,   0.0000,   0.0000,   0.0000,   0.0000,   0.0000,
           0.0000,   0.0000,   0.0000,   0.0000,   0.0000,   0.0000,   0.0000],
        [  0.0000,   0.0000,   0.0000,   0.0000,   0.0000,   0.0000,   0.0000,
           0.0000,   0.0000, 135.8844, -95.5986, -41.2211,   0.0000,   0.0000,
           0.0000,   0.0000,   0.0000,   0.0000,   0.0000,   0.0000,   0.0000],
        [  0.0000,   0.0000,   0.0000,   0.0000,   0.0000,   0.0000,   0.0000,
           0.0000,   0.0000,   0.0000,   0.0000,   0.0000, -94.6441, 106.1709,
         -28.7748,   0.0000,   0.0000,   0.0000,   0.0000,   0.0000,   0.0000],
        [  0.0000,   0.0000,   0.0000,   0.0000,   0.0000,   0.0000,   0.0000,
           0.0000,   0.0000,   0.0000,   0.0000,   0.0000,   0.0000,   0.0000,
           0.0000,  84.5914, -82.4301,  -6.6579,   0.0000,   0.0000,   0.0000],
        [  0.0000,   0.0000,   0.0000,   0.0000,   0.0000,   0.0000,   0.0000,
           0.0000,   0.0000,   0.0000,   0.0000,   0.0000,   0.0000,   0.0000,
           0.0000,   0.0000,   0.0000,   0.0000, -13.4875, -43.0449,  20.5943]])
queue lengths: 	tensor([4.7494, 0.6072, 1.4415, 2.7172, 3.1707, 0.2833, 4.4182, 0.5936, 1.0048,
        2.7504, 2.8827, 0.2917, 4.2717, 0.4209, 1.0007, 2.7799, 2.1959, 0.2429,
        3.5935, 0.4619, 1.1010])
final cost: 	51.400001525878906
test cost: 	40.97895812988281
all valid: 	True
tensor([[0., 0., 0., 0., 0., 0., 0., 0., 0., 0., 0., 0., 0., 0., 0., 0., 0., 0., 0., 0., 0.]])
tensor([[[0.0505, 0.0476, 0.0499, 0.0429, 0.0481, 0.0483, 0.0498, 0.0495,
          0.0511, 0.0448, 0.0510, 0.0435, 0.0486, 0.0457, 0.0474, 0.0493,
          0.0500, 0.0453, 0.0452, 0.0417, 0.0498],
         [0.0449, 0.0476, 0.0525, 0.0464, 0.0463, 0.0443, 0.0494, 0.0521,
          0.0488, 0.0503, 0.0454, 0.0465, 0.0487, 0.0460, 0.0457, 0.0480,
          0.0485, 0.0466, 0.0452, 0.0473, 0.0493],
         [0.0488, 0.0487, 0.0532, 0.0496, 0.0438, 0.0482, 0.0432, 0.0429,
          0.0515, 0.0484, 0.0436, 0.0473, 0.0458, 0.0488, 0.0463, 0.0468,
          0.0460, 0.0513, 0.0456, 0.0498, 0.0502],
         [0.0438, 0.0511, 0.0465, 0.0468, 0.0439, 0.0455, 0.0453, 0.0482,
          0.0482, 0.0493, 0.0496, 0.0432, 0.0487, 0.0438, 0.0537, 0.0476,
          0.0455, 0.0475, 0.0517, 0.0499, 0.0503],
         [0.0472, 0.0457, 0.0497, 0.0430, 0.0547, 0.0463, 0.0520, 0.0494,
          0.0432, 0.0456, 0.0525, 0.0422, 0.0466, 0.0485, 0.0490, 0.0444,
          0.0519, 0.0454, 0.0465, 0.0449, 0.0511],
         [0.0433, 0.0459, 0.0473, 0.0480, 0.0441, 0.0502, 0.0442, 0.0467,
          0.0466, 0.0523, 0.0518, 0.0527, 0.0455, 0.0461, 0.0447, 0.0440,
          0.0476, 0.0471, 0.0509, 0.0490, 0.0519],
         [0.0455, 0.0475, 0.0480, 0.0426, 0.0447, 0.0493, 0.0492, 0.0461,
          0.0442, 0.0466, 0.0535, 0.0487, 0.0479, 0.0443, 0.0511, 0.0493,
          0.0492, 0.0450, 0.0488, 0.0468, 0.0519]]],
       grad_fn=<SoftmaxBackward0>)
train cost:	44.28428268432617
queue lengths: 	tensor([4.3624, 0.5316, 1.2349, 1.4329, 2.5764, 0.1925, 3.0108, 0.4568, 0.7114,
        2.9038, 3.2720, 0.1948, 4.2479, 0.4528, 0.8997, 4.9388, 3.1351, 0.2075,
        8.0533, 0.3794, 1.0894], grad_fn=<MeanBackward1>)
Action Grads
tensor([[-30.3927,  -8.3464, -20.8558,   0.0000,   0.0000,   0.0000,   0.0000,
           0.0000,   0.0000,   0.0000,   0.0000,   0.0000,   0.0000,   0.0000,
           0.0000,   0.0000,   0.0000,   0.0000,   0.0000,   0.0000,   0.0000],
        [  0.0000,   0.0000,   0.0000,   2.8272, -15.0351, -10.9721,   0.0000,
           0.0000,   0.0000,   0.0000,   0.0000,   0.0000,   0.0000,   0.0000,
           0.0000,   0.0000,   0.0000,   0.0000,   0.0000,   0.0000,   0.0000],
        [  0.0000,   0.0000,   0.0000,   0.0000,   0.0000,   0.0000, -11.1584,
          14.0831, -12.5195,   0.0000,   0.0000,   0.0000,   0.0000,   0.0000,
           0.0000,   0.0000,   0.0000,   0.0000,   0.0000,   0.0000,   0.0000],
        [  0.0000,   0.0000,   0.0000,   0.0000,   0.0000,   0.0000,   0.0000,
           0.0000,   0.0000,   2.0826, -28.3178, -21.5979,   0.0000,   0.0000,
           0.0000,   0.0000,   0.0000,   0.0000,   0.0000,   0.0000,   0.0000],
        [  0.0000,   0.0000,   0.0000,   0.0000,   0.0000,   0.0000,   0.0000,
           0.0000,   0.0000,   0.0000,   0.0000,   0.0000, -13.0141,  -3.2346,
         -22.8085,   0.0000,   0.0000,   0.0000,   0.0000,   0.0000,   0.0000],
        [  0.0000,   0.0000,   0.0000,   0.0000,   0.0000,   0.0000,   0.0000,
           0.0000,   0.0000,   0.0000,   0.0000,   0.0000,   0.0000,   0.0000,
           0.0000,  27.2578, -14.4288, -20.7572,   0.0000,   0.0000,   0.0000],
        [  0.0000,   0.0000,   0.0000,   0.0000,   0.0000,   0.0000,   0.0000,
           0.0000,   0.0000,   0.0000,   0.0000,   0.0000,   0.0000,   0.0000,
           0.0000,   0.0000,   0.0000,   0.0000, -52.1799,  -8.7624, -15.7501]])
Priority Grads
tensor([[ -56.9022,   11.2443,   -8.6516,    0.0000,    0.0000,    0.0000,
            0.0000,    0.0000,    0.0000,    0.0000,    0.0000,    0.0000,
            0.0000,    0.0000,    0.0000,    0.0000,    0.0000,    0.0000,
            0.0000,    0.0000,    0.0000],
        [   0.0000,    0.0000,    0.0000,   86.2924,  -49.2542,  -60.7218,
            0.0000,    0.0000,    0.0000,    0.0000,    0.0000,    0.0000,
            0.0000,    0.0000,    0.0000,    0.0000,    0.0000,    0.0000,
            0.0000,    0.0000,    0.0000],
        [   0.0000,    0.0000,    0.0000,    0.0000,    0.0000,    0.0000,
          -78.4239,  121.6652,  -32.3309,    0.0000,    0.0000,    0.0000,
            0.0000,    0.0000,    0.0000,    0.0000,    0.0000,    0.0000,
            0.0000,    0.0000,    0.0000],
        [   0.0000,    0.0000,    0.0000,    0.0000,    0.0000,    0.0000,
            0.0000,    0.0000,    0.0000,  173.6178, -103.0317, -116.6662,
            0.0000,    0.0000,    0.0000,    0.0000,    0.0000,    0.0000,
            0.0000,    0.0000,    0.0000],
        [   0.0000,    0.0000,    0.0000,    0.0000,    0.0000,    0.0000,
            0.0000,    0.0000,    0.0000,    0.0000,    0.0000,    0.0000,
           43.5545,   22.3570,  -91.2973,    0.0000,    0.0000,    0.0000,
            0.0000,    0.0000,    0.0000],
        [   0.0000,    0.0000,    0.0000,    0.0000,    0.0000,    0.0000,
            0.0000,    0.0000,    0.0000,    0.0000,    0.0000,    0.0000,
            0.0000,    0.0000,    0.0000,  274.9283, -112.3974, -117.4669,
            0.0000,    0.0000,    0.0000],
        [   0.0000,    0.0000,    0.0000,    0.0000,    0.0000,    0.0000,
            0.0000,    0.0000,    0.0000,    0.0000,    0.0000,    0.0000,
            0.0000,    0.0000,    0.0000,    0.0000,    0.0000,    0.0000,
         -108.2494,   -2.8642,   33.7645]])
queue lengths: 	tensor([4.5716, 0.6635, 1.5752, 2.8786, 3.1044, 0.2780, 5.0461, 0.6100, 1.0435,
        2.8082, 2.6849, 0.2934, 4.2859, 0.4303, 1.0035, 2.8629, 2.0431, 0.2438,
        3.9254, 0.4707, 1.1765])
final cost: 	53.09000015258789
test cost: 	41.99967956542969
all valid: 	True
tensor([[0., 0., 0., 0., 0., 0., 0., 0., 0., 0., 0., 0., 0., 0., 0., 0., 0., 0., 0., 0., 0.]])
tensor([[[0.0505, 0.0475, 0.0499, 0.0430, 0.0481, 0.0483, 0.0497, 0.0496,
          0.0511, 0.0448, 0.0510, 0.0435, 0.0485, 0.0457, 0.0474, 0.0493,
          0.0500, 0.0454, 0.0453, 0.0417, 0.0498],
         [0.0449, 0.0476, 0.0526, 0.0463, 0.0464, 0.0443, 0.0494, 0.0521,
          0.0488, 0.0503, 0.0455, 0.0465, 0.0487, 0.0461, 0.0457, 0.0481,
          0.0485, 0.0465, 0.0452, 0.0473, 0.0493],
         [0.0488, 0.0487, 0.0533, 0.0496, 0.0438, 0.0483, 0.0433, 0.0429,
          0.0516, 0.0483, 0.0436, 0.0473, 0.0458, 0.0488, 0.0463, 0.0469,
          0.0460, 0.0513, 0.0456, 0.0498, 0.0502],
         [0.0438, 0.0510, 0.0465, 0.0468, 0.0438, 0.0455, 0.0453, 0.0482,
          0.0482, 0.0492, 0.0497, 0.0433, 0.0486, 0.0438, 0.0537, 0.0476,
          0.0455, 0.0475, 0.0517, 0.0499, 0.0503],
         [0.0472, 0.0457, 0.0497, 0.0430, 0.0547, 0.0463, 0.0520, 0.0494,
          0.0432, 0.0456, 0.0526, 0.0423, 0.0466, 0.0485, 0.0491, 0.0445,
          0.0519, 0.0454, 0.0465, 0.0449, 0.0511],
         [0.0433, 0.0459, 0.0473, 0.0480, 0.0442, 0.0503, 0.0442, 0.0467,
          0.0466, 0.0523, 0.0518, 0.0528, 0.0455, 0.0460, 0.0447, 0.0439,
          0.0477, 0.0471, 0.0509, 0.0490, 0.0519],
         [0.0455, 0.0475, 0.0480, 0.0426, 0.0447, 0.0493, 0.0491, 0.0461,
          0.0442, 0.0466, 0.0535, 0.0486, 0.0479, 0.0442, 0.0511, 0.0493,
          0.0492, 0.0450, 0.0489, 0.0469, 0.0518]]],
       grad_fn=<SoftmaxBackward0>)
train cost:	42.408058166503906
queue lengths: 	tensor([2.3316, 0.3730, 1.0134, 4.5039, 2.7011, 0.2223, 6.1529, 0.5402, 0.7101,
        2.9900, 2.3274, 0.1935, 5.3468, 0.4025, 0.8480, 2.4476, 2.0085, 0.1748,
        5.7619, 0.4149, 0.9437], grad_fn=<MeanBackward1>)
Action Grads
tensor([[ 12.7945,  17.5438,  -4.8503,   0.0000,   0.0000,   0.0000,   0.0000,
           0.0000,   0.0000,   0.0000,   0.0000,   0.0000,   0.0000,   0.0000,
           0.0000,   0.0000,   0.0000,   0.0000,   0.0000,   0.0000,   0.0000],
        [  0.0000,   0.0000,   0.0000,   2.5997, -13.7914,   1.2627,   0.0000,
           0.0000,   0.0000,   0.0000,   0.0000,   0.0000,   0.0000,   0.0000,
           0.0000,   0.0000,   0.0000,   0.0000,   0.0000,   0.0000,   0.0000],
        [  0.0000,   0.0000,   0.0000,   0.0000,   0.0000,   0.0000,  -9.1326,
          -5.3279,  -7.4403,   0.0000,   0.0000,   0.0000,   0.0000,   0.0000,
           0.0000,   0.0000,   0.0000,   0.0000,   0.0000,   0.0000,   0.0000],
        [  0.0000,   0.0000,   0.0000,   0.0000,   0.0000,   0.0000,   0.0000,
           0.0000,   0.0000,  13.3181,  -5.7042,  -2.7305,   0.0000,   0.0000,
           0.0000,   0.0000,   0.0000,   0.0000,   0.0000,   0.0000,   0.0000],
        [  0.0000,   0.0000,   0.0000,   0.0000,   0.0000,   0.0000,   0.0000,
           0.0000,   0.0000,   0.0000,   0.0000,   0.0000, -19.8235,   4.5231,
          -0.9400,   0.0000,   0.0000,   0.0000,   0.0000,   0.0000,   0.0000],
        [  0.0000,   0.0000,   0.0000,   0.0000,   0.0000,   0.0000,   0.0000,
           0.0000,   0.0000,   0.0000,   0.0000,   0.0000,   0.0000,   0.0000,
           0.0000,  19.8830,  -5.8476,  -3.0767,   0.0000,   0.0000,   0.0000],
        [  0.0000,   0.0000,   0.0000,   0.0000,   0.0000,   0.0000,   0.0000,
           0.0000,   0.0000,   0.0000,   0.0000,   0.0000,   0.0000,   0.0000,
           0.0000,   0.0000,   0.0000,   0.0000, -19.2907,  -5.5229, -10.6449]])
Priority Grads
tensor([[   3.3657,   91.4355,  -58.5391,    0.0000,    0.0000,    0.0000,
            0.0000,    0.0000,    0.0000,    0.0000,    0.0000,    0.0000,
            0.0000,    0.0000,    0.0000,    0.0000,    0.0000,    0.0000,
            0.0000,    0.0000,    0.0000],
        [   0.0000,    0.0000,    0.0000,   73.2581,  -74.2044,    2.7115,
            0.0000,    0.0000,    0.0000,    0.0000,    0.0000,    0.0000,
            0.0000,    0.0000,    0.0000,    0.0000,    0.0000,    0.0000,
            0.0000,    0.0000,    0.0000],
        [   0.0000,    0.0000,    0.0000,    0.0000,    0.0000,    0.0000,
            8.1451,  -12.3722,  -18.1131,    0.0000,    0.0000,    0.0000,
            0.0000,    0.0000,    0.0000,    0.0000,    0.0000,    0.0000,
            0.0000,    0.0000,    0.0000],
        [   0.0000,    0.0000,    0.0000,    0.0000,    0.0000,    0.0000,
            0.0000,    0.0000,    0.0000,  108.7046,  -74.9349,  -15.0131,
            0.0000,    0.0000,    0.0000,    0.0000,    0.0000,    0.0000,
            0.0000,    0.0000,    0.0000],
        [   0.0000,    0.0000,    0.0000,    0.0000,    0.0000,    0.0000,
            0.0000,    0.0000,    0.0000,    0.0000,    0.0000,    0.0000,
         -105.6494,   39.6842,   34.2944,    0.0000,    0.0000,    0.0000,
            0.0000,    0.0000,    0.0000],
        [   0.0000,    0.0000,    0.0000,    0.0000,    0.0000,    0.0000,
            0.0000,    0.0000,    0.0000,    0.0000,    0.0000,    0.0000,
            0.0000,    0.0000,    0.0000,  165.7670,  -83.2877,  -33.6697,
            0.0000,    0.0000,    0.0000],
        [   0.0000,    0.0000,    0.0000,    0.0000,    0.0000,    0.0000,
            0.0000,    0.0000,    0.0000,    0.0000,    0.0000,    0.0000,
            0.0000,    0.0000,    0.0000,    0.0000,    0.0000,    0.0000,
           -6.5848,  -13.9670,  -15.1126]])
queue lengths: 	tensor([4.4104, 0.6547, 1.5153, 2.7471, 2.9300, 0.2739, 4.5027, 0.6190, 0.9885,
        2.7216, 2.5462, 0.2853, 4.1024, 0.4232, 0.9858, 2.7238, 2.1100, 0.2481,
        3.7716, 0.4523, 1.0759])
final cost: 	49.060001373291016
test cost: 	40.08799743652344
all valid: 	True
tensor([[0., 0., 0., 0., 0., 0., 0., 0., 0., 0., 0., 0., 0., 0., 0., 0., 0., 0., 0., 0., 0.]])
tensor([[[0.0506, 0.0474, 0.0499, 0.0429, 0.0481, 0.0483, 0.0497, 0.0496,
          0.0511, 0.0448, 0.0510, 0.0435, 0.0485, 0.0456, 0.0474, 0.0493,
          0.0500, 0.0454, 0.0453, 0.0417, 0.0499],
         [0.0449, 0.0476, 0.0526, 0.0463, 0.0464, 0.0444, 0.0494, 0.0522,
          0.0487, 0.0504, 0.0455, 0.0466, 0.0487, 0.0461, 0.0457, 0.0481,
          0.0485, 0.0465, 0.0451, 0.0473, 0.0492],
         [0.0488, 0.0487, 0.0533, 0.0496, 0.0438, 0.0483, 0.0433, 0.0428,
          0.0516, 0.0483, 0.0436, 0.0472, 0.0459, 0.0488, 0.0463, 0.0469,
          0.0459, 0.0513, 0.0456, 0.0498, 0.0502],
         [0.0438, 0.0510, 0.0465, 0.0468, 0.0438, 0.0455, 0.0453, 0.0482,
          0.0483, 0.0491, 0.0498, 0.0434, 0.0486, 0.0437, 0.0537, 0.0477,
          0.0454, 0.0475, 0.0517, 0.0499, 0.0503],
         [0.0472, 0.0457, 0.0497, 0.0430, 0.0547, 0.0463, 0.0520, 0.0494,
          0.0432, 0.0456, 0.0526, 0.0423, 0.0466, 0.0484, 0.0491, 0.0445,
          0.0519, 0.0454, 0.0465, 0.0449, 0.0510],
         [0.0433, 0.0459, 0.0473, 0.0480, 0.0442, 0.0503, 0.0442, 0.0468,
          0.0466, 0.0523, 0.0518, 0.0528, 0.0455, 0.0460, 0.0447, 0.0438,
          0.0479, 0.0472, 0.0509, 0.0490, 0.0518],
         [0.0455, 0.0476, 0.0480, 0.0425, 0.0447, 0.0493, 0.0491, 0.0461,
          0.0442, 0.0466, 0.0535, 0.0486, 0.0479, 0.0442, 0.0511, 0.0493,
          0.0492, 0.0450, 0.0490, 0.0470, 0.0518]]],
       grad_fn=<SoftmaxBackward0>)
