env: reentrant_8
model: ppg_softmax
model: ppg_softmax
queue lengths: 	tensor([5.9107, 0.4728, 1.0929, 3.6128, 4.7714, 0.2803, 5.7721, 0.6655, 1.2657,
        3.9269, 4.5804, 0.2627, 5.7338, 0.6037, 1.4382, 4.0991, 4.0420, 0.2652,
        5.8032, 0.6396, 1.4206, 2.3227, 5.9163, 0.2336])
final cost: 	72.16000366210938
test cost: 	65.1323013305664
all valid: 	True
tensor([[0., 0., 0., 0., 0., 0., 0., 0., 0., 0., 0., 0., 0., 0., 0., 0., 0., 0., 0., 0., 0., 0., 0., 0.]])
tensor([[[0.0388, 0.0435, 0.0448, 0.0438, 0.0421, 0.0427, 0.0447, 0.0443,
          0.0406, 0.0387, 0.0431, 0.0403, 0.0419, 0.0448, 0.0400, 0.0407,
          0.0401, 0.0427, 0.0374, 0.0381, 0.0464, 0.0405, 0.0394, 0.0408],
         [0.0440, 0.0380, 0.0404, 0.0405, 0.0445, 0.0421, 0.0418, 0.0421,
          0.0429, 0.0460, 0.0408, 0.0380, 0.0428, 0.0442, 0.0405, 0.0397,
          0.0401, 0.0412, 0.0457, 0.0436, 0.0411, 0.0418, 0.0372, 0.0410],
         [0.0439, 0.0413, 0.0380, 0.0415, 0.0450, 0.0446, 0.0408, 0.0384,
          0.0424, 0.0381, 0.0462, 0.0400, 0.0428, 0.0396, 0.0409, 0.0428,
          0.0442, 0.0398, 0.0411, 0.0441, 0.0416, 0.0409, 0.0399, 0.0420],
         [0.0446, 0.0394, 0.0465, 0.0399, 0.0430, 0.0430, 0.0447, 0.0422,
          0.0444, 0.0386, 0.0397, 0.0419, 0.0402, 0.0390, 0.0404, 0.0394,
          0.0440, 0.0441, 0.0392, 0.0404, 0.0448, 0.0398, 0.0379, 0.0431],
         [0.0413, 0.0390, 0.0407, 0.0386, 0.0427, 0.0408, 0.0449, 0.0434,
          0.0420, 0.0428, 0.0411, 0.0411, 0.0403, 0.0431, 0.0450, 0.0369,
          0.0422, 0.0408, 0.0388, 0.0410, 0.0464, 0.0432, 0.0398, 0.0439],
         [0.0384, 0.0455, 0.0443, 0.0414, 0.0411, 0.0420, 0.0397, 0.0449,
          0.0457, 0.0405, 0.0395, 0.0456, 0.0431, 0.0408, 0.0416, 0.0390,
          0.0413, 0.0448, 0.0396, 0.0428, 0.0390, 0.0399, 0.0390, 0.0403],
         [0.0379, 0.0402, 0.0390, 0.0424, 0.0443, 0.0470, 0.0394, 0.0404,
          0.0430, 0.0435, 0.0459, 0.0427, 0.0389, 0.0425, 0.0421, 0.0411,
          0.0435, 0.0386, 0.0426, 0.0403, 0.0401, 0.0413, 0.0420, 0.0415],
         [0.0442, 0.0419, 0.0412, 0.0437, 0.0404, 0.0381, 0.0446, 0.0382,
          0.0447, 0.0379, 0.0451, 0.0427, 0.0394, 0.0395, 0.0394, 0.0393,
          0.0445, 0.0429, 0.0384, 0.0395, 0.0423, 0.0460, 0.0393, 0.0465]]],
       grad_fn=<SoftmaxBackward0>)
train cost:	56.26252365112305
queue lengths: 	tensor([5.8604, 0.3790, 1.1933, 2.6425, 2.7370, 0.1910, 7.8449, 0.5386, 1.3876,
        3.1259, 3.5464, 0.1880, 5.3595, 0.5250, 1.1409, 2.7793, 3.8733, 0.2001,
        4.1238, 0.4626, 1.2766, 1.6920, 5.0371, 0.1580],
       grad_fn=<MeanBackward1>)
Action Grads
tensor([[-33.9574, -10.4919, -20.7516,   0.0000,   0.0000,   0.0000,   0.0000,
           0.0000,   0.0000,   0.0000,   0.0000,   0.0000,   0.0000,   0.0000,
           0.0000,   0.0000,   0.0000,   0.0000,   0.0000,   0.0000,   0.0000,
           0.0000,   0.0000,   0.0000],
        [  0.0000,   0.0000,   0.0000,  25.9596, -20.5270, -13.1869,   0.0000,
           0.0000,   0.0000,   0.0000,   0.0000,   0.0000,   0.0000,   0.0000,
           0.0000,   0.0000,   0.0000,   0.0000,   0.0000,   0.0000,   0.0000,
           0.0000,   0.0000,   0.0000],
        [  0.0000,   0.0000,   0.0000,   0.0000,   0.0000,   0.0000, -42.1935,
          -6.6054, -26.7489,   0.0000,   0.0000,   0.0000,   0.0000,   0.0000,
           0.0000,   0.0000,   0.0000,   0.0000,   0.0000,   0.0000,   0.0000,
           0.0000,   0.0000,   0.0000],
        [  0.0000,   0.0000,   0.0000,   0.0000,   0.0000,   0.0000,   0.0000,
           0.0000,   0.0000,   5.2077, -24.1099, -14.5426,   0.0000,   0.0000,
           0.0000,   0.0000,   0.0000,   0.0000,   0.0000,   0.0000,   0.0000,
           0.0000,   0.0000,   0.0000],
        [  0.0000,   0.0000,   0.0000,   0.0000,   0.0000,   0.0000,   0.0000,
           0.0000,   0.0000,   0.0000,   0.0000,   0.0000, -21.3445,  -7.7213,
         -21.4472,   0.0000,   0.0000,   0.0000,   0.0000,   0.0000,   0.0000,
           0.0000,   0.0000,   0.0000],
        [  0.0000,   0.0000,   0.0000,   0.0000,   0.0000,   0.0000,   0.0000,
           0.0000,   0.0000,   0.0000,   0.0000,   0.0000,   0.0000,   0.0000,
           0.0000, -10.4985, -27.8701, -11.3592,   0.0000,   0.0000,   0.0000,
           0.0000,   0.0000,   0.0000],
        [  0.0000,   0.0000,   0.0000,   0.0000,   0.0000,   0.0000,   0.0000,
           0.0000,   0.0000,   0.0000,   0.0000,   0.0000,   0.0000,   0.0000,
           0.0000,   0.0000,   0.0000,   0.0000, -19.4337,  20.2200, -29.5356,
           0.0000,   0.0000,   0.0000],
        [  0.0000,   0.0000,   0.0000,   0.0000,   0.0000,   0.0000,   0.0000,
           0.0000,   0.0000,   0.0000,   0.0000,   0.0000,   0.0000,   0.0000,
           0.0000,   0.0000,   0.0000,   0.0000,   0.0000,   0.0000,   0.0000,
         -17.8363, -47.8709, -15.4186]])
Priority Grads
tensor([[ -54.3047,   -2.0289,  -13.5255,    0.0000,    0.0000,    0.0000,
            0.0000,    0.0000,    0.0000,    0.0000,    0.0000,    0.0000,
            0.0000,    0.0000,    0.0000,    0.0000,    0.0000,    0.0000,
            0.0000,    0.0000,    0.0000,    0.0000,    0.0000,    0.0000],
        [   0.0000,    0.0000,    0.0000,  239.1564, -157.9321,  -78.8703,
            0.0000,    0.0000,    0.0000,    0.0000,    0.0000,    0.0000,
            0.0000,    0.0000,    0.0000,    0.0000,    0.0000,    0.0000,
            0.0000,    0.0000,    0.0000,    0.0000,    0.0000,    0.0000],
        [   0.0000,    0.0000,    0.0000,    0.0000,    0.0000,    0.0000,
          -98.1775,   51.0263,  -20.4225,    0.0000,    0.0000,    0.0000,
            0.0000,    0.0000,    0.0000,    0.0000,    0.0000,    0.0000,
            0.0000,    0.0000,    0.0000,    0.0000,    0.0000,    0.0000],
        [   0.0000,    0.0000,    0.0000,    0.0000,    0.0000,    0.0000,
            0.0000,    0.0000,    0.0000,  170.6637, -104.8385,  -81.4691,
            0.0000,    0.0000,    0.0000,    0.0000,    0.0000,    0.0000,
            0.0000,    0.0000,    0.0000,    0.0000,    0.0000,    0.0000],
        [   0.0000,    0.0000,    0.0000,    0.0000,    0.0000,    0.0000,
            0.0000,    0.0000,    0.0000,    0.0000,    0.0000,    0.0000,
            3.9922,    1.9507,  -56.8402,    0.0000,    0.0000,    0.0000,
            0.0000,    0.0000,    0.0000,    0.0000,    0.0000,    0.0000],
        [   0.0000,    0.0000,    0.0000,    0.0000,    0.0000,    0.0000,
            0.0000,    0.0000,    0.0000,    0.0000,    0.0000,    0.0000,
            0.0000,    0.0000,    0.0000,   89.0260,  -71.5966,  -57.3775,
            0.0000,    0.0000,    0.0000,    0.0000,    0.0000,    0.0000],
        [   0.0000,    0.0000,    0.0000,    0.0000,    0.0000,    0.0000,
            0.0000,    0.0000,    0.0000,    0.0000,    0.0000,    0.0000,
            0.0000,    0.0000,    0.0000,    0.0000,    0.0000,    0.0000,
          -46.2380,  200.7456, -171.8429,    0.0000,    0.0000,    0.0000],
        [   0.0000,    0.0000,    0.0000,    0.0000,    0.0000,    0.0000,
            0.0000,    0.0000,    0.0000,    0.0000,    0.0000,    0.0000,
            0.0000,    0.0000,    0.0000,    0.0000,    0.0000,    0.0000,
            0.0000,    0.0000,    0.0000,  105.0537, -135.7551,  -70.0295]])
queue lengths: 	tensor([5.9437, 0.4723, 1.0840, 3.8074, 4.5797, 0.2825, 5.7822, 0.6812, 1.2782,
        4.1436, 4.3304, 0.2615, 5.8670, 0.5925, 1.4083, 4.2642, 4.0640, 0.2632,
        5.9070, 0.6527, 1.4108, 2.3637, 5.8889, 0.2328])
final cost: 	63.02000045776367
test cost: 	65.56185913085938
all valid: 	True
tensor([[0., 0., 0., 0., 0., 0., 0., 0., 0., 0., 0., 0., 0., 0., 0., 0., 0., 0., 0., 0., 0., 0., 0., 0.]])
tensor([[[0.0388, 0.0436, 0.0448, 0.0438, 0.0421, 0.0427, 0.0447, 0.0442,
          0.0406, 0.0387, 0.0430, 0.0403, 0.0419, 0.0448, 0.0400, 0.0407,
          0.0400, 0.0426, 0.0374, 0.0381, 0.0464, 0.0405, 0.0394, 0.0408],
         [0.0441, 0.0380, 0.0404, 0.0404, 0.0446, 0.0422, 0.0418, 0.0421,
          0.0429, 0.0460, 0.0408, 0.0380, 0.0428, 0.0441, 0.0405, 0.0397,
          0.0401, 0.0412, 0.0457, 0.0436, 0.0411, 0.0419, 0.0371, 0.0410],
         [0.0439, 0.0413, 0.0380, 0.0415, 0.0450, 0.0446, 0.0409, 0.0384,
          0.0424, 0.0381, 0.0462, 0.0400, 0.0428, 0.0396, 0.0409, 0.0428,
          0.0441, 0.0398, 0.0411, 0.0442, 0.0416, 0.0409, 0.0398, 0.0420],
         [0.0446, 0.0393, 0.0465, 0.0399, 0.0429, 0.0430, 0.0447, 0.0422,
          0.0444, 0.0384, 0.0398, 0.0420, 0.0402, 0.0390, 0.0404, 0.0394,
          0.0440, 0.0441, 0.0392, 0.0404, 0.0448, 0.0398, 0.0379, 0.0431],
         [0.0413, 0.0390, 0.0407, 0.0386, 0.0428, 0.0409, 0.0449, 0.0433,
          0.0420, 0.0428, 0.0411, 0.0411, 0.0403, 0.0432, 0.0451, 0.0370,
          0.0422, 0.0408, 0.0388, 0.0410, 0.0464, 0.0432, 0.0398, 0.0439],
         [0.0384, 0.0455, 0.0443, 0.0414, 0.0412, 0.0420, 0.0397, 0.0449,
          0.0458, 0.0405, 0.0395, 0.0456, 0.0431, 0.0408, 0.0416, 0.0389,
          0.0414, 0.0448, 0.0396, 0.0428, 0.0390, 0.0399, 0.0390, 0.0403],
         [0.0379, 0.0402, 0.0389, 0.0424, 0.0443, 0.0470, 0.0394, 0.0404,
          0.0429, 0.0435, 0.0459, 0.0427, 0.0389, 0.0426, 0.0420, 0.0411,
          0.0435, 0.0386, 0.0427, 0.0402, 0.0402, 0.0413, 0.0420, 0.0415],
         [0.0442, 0.0420, 0.0412, 0.0437, 0.0404, 0.0381, 0.0447, 0.0382,
          0.0447, 0.0379, 0.0450, 0.0427, 0.0394, 0.0395, 0.0394, 0.0392,
          0.0445, 0.0429, 0.0384, 0.0395, 0.0423, 0.0459, 0.0394, 0.0466]]],
       grad_fn=<SoftmaxBackward0>)
train cost:	50.378501892089844
queue lengths: 	tensor([4.6058, 0.3850, 1.3108, 2.4190, 3.9907, 0.2075, 4.5610, 0.5230, 1.3198,
        3.5649, 2.9129, 0.2053, 3.7348, 0.4352, 1.3697, 2.9026, 2.0379, 0.1740,
        7.3342, 0.4149, 1.4966, 1.6618, 2.6504, 0.1610],
       grad_fn=<MeanBackward1>)
Action Grads
tensor([[-2.7153e+01,  7.7598e+00, -1.4918e+01,  0.0000e+00,  0.0000e+00,
          0.0000e+00,  0.0000e+00,  0.0000e+00,  0.0000e+00,  0.0000e+00,
          0.0000e+00,  0.0000e+00,  0.0000e+00,  0.0000e+00,  0.0000e+00,
          0.0000e+00,  0.0000e+00,  0.0000e+00,  0.0000e+00,  0.0000e+00,
          0.0000e+00,  0.0000e+00,  0.0000e+00,  0.0000e+00],
        [ 0.0000e+00,  0.0000e+00,  0.0000e+00,  1.2054e+01, -1.9620e+01,
         -8.8594e+00,  0.0000e+00,  0.0000e+00,  0.0000e+00,  0.0000e+00,
          0.0000e+00,  0.0000e+00,  0.0000e+00,  0.0000e+00,  0.0000e+00,
          0.0000e+00,  0.0000e+00,  0.0000e+00,  0.0000e+00,  0.0000e+00,
          0.0000e+00,  0.0000e+00,  0.0000e+00,  0.0000e+00],
        [ 0.0000e+00,  0.0000e+00,  0.0000e+00,  0.0000e+00,  0.0000e+00,
          0.0000e+00, -1.7214e+01,  2.0607e+00, -1.4499e+01,  0.0000e+00,
          0.0000e+00,  0.0000e+00,  0.0000e+00,  0.0000e+00,  0.0000e+00,
          0.0000e+00,  0.0000e+00,  0.0000e+00,  0.0000e+00,  0.0000e+00,
          0.0000e+00,  0.0000e+00,  0.0000e+00,  0.0000e+00],
        [ 0.0000e+00,  0.0000e+00,  0.0000e+00,  0.0000e+00,  0.0000e+00,
          0.0000e+00,  0.0000e+00,  0.0000e+00,  0.0000e+00, -8.5127e+00,
         -1.4572e+01, -6.8182e-03,  0.0000e+00,  0.0000e+00,  0.0000e+00,
          0.0000e+00,  0.0000e+00,  0.0000e+00,  0.0000e+00,  0.0000e+00,
          0.0000e+00,  0.0000e+00,  0.0000e+00,  0.0000e+00],
        [ 0.0000e+00,  0.0000e+00,  0.0000e+00,  0.0000e+00,  0.0000e+00,
          0.0000e+00,  0.0000e+00,  0.0000e+00,  0.0000e+00,  0.0000e+00,
          0.0000e+00,  0.0000e+00, -1.3497e+01, -4.7736e+00, -1.3553e+01,
          0.0000e+00,  0.0000e+00,  0.0000e+00,  0.0000e+00,  0.0000e+00,
          0.0000e+00,  0.0000e+00,  0.0000e+00,  0.0000e+00],
        [ 0.0000e+00,  0.0000e+00,  0.0000e+00,  0.0000e+00,  0.0000e+00,
          0.0000e+00,  0.0000e+00,  0.0000e+00,  0.0000e+00,  0.0000e+00,
          0.0000e+00,  0.0000e+00,  0.0000e+00,  0.0000e+00,  0.0000e+00,
          3.2255e+01, -1.0612e+01, -1.3576e+00,  0.0000e+00,  0.0000e+00,
          0.0000e+00,  0.0000e+00,  0.0000e+00,  0.0000e+00],
        [ 0.0000e+00,  0.0000e+00,  0.0000e+00,  0.0000e+00,  0.0000e+00,
          0.0000e+00,  0.0000e+00,  0.0000e+00,  0.0000e+00,  0.0000e+00,
          0.0000e+00,  0.0000e+00,  0.0000e+00,  0.0000e+00,  0.0000e+00,
          0.0000e+00,  0.0000e+00,  0.0000e+00, -2.8416e+01,  2.5953e+00,
         -1.3308e+01,  0.0000e+00,  0.0000e+00,  0.0000e+00],
        [ 0.0000e+00,  0.0000e+00,  0.0000e+00,  0.0000e+00,  0.0000e+00,
          0.0000e+00,  0.0000e+00,  0.0000e+00,  0.0000e+00,  0.0000e+00,
          0.0000e+00,  0.0000e+00,  0.0000e+00,  0.0000e+00,  0.0000e+00,
          0.0000e+00,  0.0000e+00,  0.0000e+00,  0.0000e+00,  0.0000e+00,
          0.0000e+00, -1.0677e+01, -2.0737e+01, -1.1852e+01]])
Priority Grads
tensor([[-127.9858,   94.8376,  -22.1532,    0.0000,    0.0000,    0.0000,
            0.0000,    0.0000,    0.0000,    0.0000,    0.0000,    0.0000,
            0.0000,    0.0000,    0.0000,    0.0000,    0.0000,    0.0000,
            0.0000,    0.0000,    0.0000,    0.0000,    0.0000,    0.0000],
        [   0.0000,    0.0000,    0.0000,  175.6845, -129.8859,  -49.8327,
            0.0000,    0.0000,    0.0000,    0.0000,    0.0000,    0.0000,
            0.0000,    0.0000,    0.0000,    0.0000,    0.0000,    0.0000,
            0.0000,    0.0000,    0.0000,    0.0000,    0.0000,    0.0000],
        [   0.0000,    0.0000,    0.0000,    0.0000,    0.0000,    0.0000,
          -48.8384,   61.0422,  -28.9606,    0.0000,    0.0000,    0.0000,
            0.0000,    0.0000,    0.0000,    0.0000,    0.0000,    0.0000,
            0.0000,    0.0000,    0.0000,    0.0000,    0.0000,    0.0000],
        [   0.0000,    0.0000,    0.0000,    0.0000,    0.0000,    0.0000,
            0.0000,    0.0000,    0.0000,   11.4861,  -43.1145,   10.2083,
            0.0000,    0.0000,    0.0000,    0.0000,    0.0000,    0.0000,
            0.0000,    0.0000,    0.0000,    0.0000,    0.0000,    0.0000],
        [   0.0000,    0.0000,    0.0000,    0.0000,    0.0000,    0.0000,
            0.0000,    0.0000,    0.0000,    0.0000,    0.0000,    0.0000,
            9.5165,    9.5326,  -51.1106,    0.0000,    0.0000,    0.0000,
            0.0000,    0.0000,    0.0000,    0.0000,    0.0000,    0.0000],
        [   0.0000,    0.0000,    0.0000,    0.0000,    0.0000,    0.0000,
            0.0000,    0.0000,    0.0000,    0.0000,    0.0000,    0.0000,
            0.0000,    0.0000,    0.0000,  273.9173, -195.5167,   -5.1688,
            0.0000,    0.0000,    0.0000,    0.0000,    0.0000,    0.0000],
        [   0.0000,    0.0000,    0.0000,    0.0000,    0.0000,    0.0000,
            0.0000,    0.0000,    0.0000,    0.0000,    0.0000,    0.0000,
            0.0000,    0.0000,    0.0000,    0.0000,    0.0000,    0.0000,
          -95.6862,   58.4275,   17.2052,    0.0000,    0.0000,    0.0000],
        [   0.0000,    0.0000,    0.0000,    0.0000,    0.0000,    0.0000,
            0.0000,    0.0000,    0.0000,    0.0000,    0.0000,    0.0000,
            0.0000,    0.0000,    0.0000,    0.0000,    0.0000,    0.0000,
            0.0000,    0.0000,    0.0000,   36.1456,  -35.8916,  -46.4065]])
queue lengths: 	tensor([5.9698, 0.4758, 1.1054, 3.9879, 4.4043, 0.2824, 5.8790, 0.6858, 1.2868,
        4.0725, 4.1213, 0.2606, 5.8517, 0.5889, 1.4334, 4.3505, 3.7414, 0.2631,
        5.8368, 0.6572, 1.4382, 2.3576, 5.7894, 0.2333])
final cost: 	68.77999877929688
test cost: 	65.07325744628906
all valid: 	True
tensor([[0., 0., 0., 0., 0., 0., 0., 0., 0., 0., 0., 0., 0., 0., 0., 0., 0., 0., 0., 0., 0., 0., 0., 0.]])
tensor([[[0.0388, 0.0435, 0.0448, 0.0437, 0.0421, 0.0427, 0.0447, 0.0442,
          0.0406, 0.0388, 0.0430, 0.0403, 0.0420, 0.0448, 0.0400, 0.0407,
          0.0401, 0.0426, 0.0374, 0.0381, 0.0464, 0.0405, 0.0394, 0.0408],
         [0.0441, 0.0380, 0.0404, 0.0403, 0.0447, 0.0422, 0.0418, 0.0421,
          0.0429, 0.0460, 0.0407, 0.0380, 0.0428, 0.0441, 0.0405, 0.0397,
          0.0401, 0.0412, 0.0457, 0.0436, 0.0411, 0.0419, 0.0371, 0.0410],
         [0.0440, 0.0414, 0.0380, 0.0415, 0.0450, 0.0445, 0.0410, 0.0384,
          0.0424, 0.0381, 0.0462, 0.0400, 0.0428, 0.0396, 0.0410, 0.0428,
          0.0441, 0.0398, 0.0411, 0.0442, 0.0416, 0.0408, 0.0398, 0.0420],
         [0.0446, 0.0393, 0.0465, 0.0399, 0.0429, 0.0430, 0.0447, 0.0422,
          0.0445, 0.0384, 0.0398, 0.0420, 0.0402, 0.0390, 0.0404, 0.0393,
          0.0440, 0.0441, 0.0392, 0.0404, 0.0448, 0.0399, 0.0379, 0.0430],
         [0.0413, 0.0390, 0.0407, 0.0386, 0.0428, 0.0409, 0.0449, 0.0433,
          0.0420, 0.0428, 0.0411, 0.0411, 0.0402, 0.0431, 0.0451, 0.0369,
          0.0422, 0.0409, 0.0388, 0.0409, 0.0464, 0.0432, 0.0398, 0.0439],
         [0.0384, 0.0455, 0.0443, 0.0414, 0.0412, 0.0419, 0.0397, 0.0448,
          0.0458, 0.0405, 0.0395, 0.0456, 0.0432, 0.0408, 0.0416, 0.0388,
          0.0415, 0.0449, 0.0396, 0.0428, 0.0390, 0.0399, 0.0390, 0.0403],
         [0.0379, 0.0402, 0.0389, 0.0424, 0.0442, 0.0470, 0.0394, 0.0404,
          0.0429, 0.0435, 0.0459, 0.0427, 0.0389, 0.0426, 0.0420, 0.0411,
          0.0435, 0.0386, 0.0427, 0.0401, 0.0402, 0.0413, 0.0420, 0.0415],
         [0.0443, 0.0420, 0.0412, 0.0437, 0.0404, 0.0380, 0.0447, 0.0382,
          0.0447, 0.0379, 0.0450, 0.0427, 0.0395, 0.0395, 0.0394, 0.0392,
          0.0445, 0.0429, 0.0384, 0.0395, 0.0423, 0.0459, 0.0394, 0.0466]]],
       grad_fn=<SoftmaxBackward0>)
train cost:	74.0384521484375
queue lengths: 	tensor([ 8.1242,  0.4280,  1.0325,  6.2453,  6.3398,  0.2222, 13.0008,  0.6210,
         1.2448,  4.4326,  3.9973,  0.1733,  5.4563,  0.4899,  1.2293,  4.2771,
         3.3074,  0.1837,  5.9765,  0.4843,  1.0862,  2.4599,  3.0579,  0.1682],
       grad_fn=<MeanBackward1>)
Action Grads
tensor([[  52.7121,   70.7148,  -21.2471,    0.0000,    0.0000,    0.0000,
            0.0000,    0.0000,    0.0000,    0.0000,    0.0000,    0.0000,
            0.0000,    0.0000,    0.0000,    0.0000,    0.0000,    0.0000,
            0.0000,    0.0000,    0.0000,    0.0000,    0.0000,    0.0000],
        [   0.0000,    0.0000,    0.0000,   32.9257,  -73.4227,   -9.8860,
            0.0000,    0.0000,    0.0000,    0.0000,    0.0000,    0.0000,
            0.0000,    0.0000,    0.0000,    0.0000,    0.0000,    0.0000,
            0.0000,    0.0000,    0.0000,    0.0000,    0.0000,    0.0000],
        [   0.0000,    0.0000,    0.0000,    0.0000,    0.0000,    0.0000,
         -163.0506,   19.9840,   -3.1948,    0.0000,    0.0000,    0.0000,
            0.0000,    0.0000,    0.0000,    0.0000,    0.0000,    0.0000,
            0.0000,    0.0000,    0.0000,    0.0000,    0.0000,    0.0000],
        [   0.0000,    0.0000,    0.0000,    0.0000,    0.0000,    0.0000,
            0.0000,    0.0000,    0.0000,  -16.4448,  -38.6951,   -6.3899,
            0.0000,    0.0000,    0.0000,    0.0000,    0.0000,    0.0000,
            0.0000,    0.0000,    0.0000,    0.0000,    0.0000,    0.0000],
        [   0.0000,    0.0000,    0.0000,    0.0000,    0.0000,    0.0000,
            0.0000,    0.0000,    0.0000,    0.0000,    0.0000,    0.0000,
          -13.5395,  -14.7731,  -24.5073,    0.0000,    0.0000,    0.0000,
            0.0000,    0.0000,    0.0000,    0.0000,    0.0000,    0.0000],
        [   0.0000,    0.0000,    0.0000,    0.0000,    0.0000,    0.0000,
            0.0000,    0.0000,    0.0000,    0.0000,    0.0000,    0.0000,
            0.0000,    0.0000,    0.0000,  -11.4054,  -27.4586,  -18.4241,
            0.0000,    0.0000,    0.0000,    0.0000,    0.0000,    0.0000],
        [   0.0000,    0.0000,    0.0000,    0.0000,    0.0000,    0.0000,
            0.0000,    0.0000,    0.0000,    0.0000,    0.0000,    0.0000,
            0.0000,    0.0000,    0.0000,    0.0000,    0.0000,    0.0000,
          -20.5155,  -21.4315,  -25.6154,    0.0000,    0.0000,    0.0000],
        [   0.0000,    0.0000,    0.0000,    0.0000,    0.0000,    0.0000,
            0.0000,    0.0000,    0.0000,    0.0000,    0.0000,    0.0000,
            0.0000,    0.0000,    0.0000,    0.0000,    0.0000,    0.0000,
            0.0000,    0.0000,    0.0000,  -28.5800,  -26.5620,  -11.7596]])
Priority Grads
tensor([[  58.2265,  405.2144, -367.5065,    0.0000,    0.0000,    0.0000,
            0.0000,    0.0000,    0.0000,    0.0000,    0.0000,    0.0000,
            0.0000,    0.0000,    0.0000,    0.0000,    0.0000,    0.0000,
            0.0000,    0.0000,    0.0000,    0.0000,    0.0000,    0.0000],
        [   0.0000,    0.0000,    0.0000,  423.5693, -398.9044,   -6.7623,
            0.0000,    0.0000,    0.0000,    0.0000,    0.0000,    0.0000,
            0.0000,    0.0000,    0.0000,    0.0000,    0.0000,    0.0000,
            0.0000,    0.0000,    0.0000,    0.0000,    0.0000,    0.0000],
        [   0.0000,    0.0000,    0.0000,    0.0000,    0.0000,    0.0000,
         -924.6236,  446.0898,  454.4509,    0.0000,    0.0000,    0.0000,
            0.0000,    0.0000,    0.0000,    0.0000,    0.0000,    0.0000,
            0.0000,    0.0000,    0.0000,    0.0000,    0.0000,    0.0000],
        [   0.0000,    0.0000,    0.0000,    0.0000,    0.0000,    0.0000,
            0.0000,    0.0000,    0.0000,  117.5711, -125.7279,  -28.3694,
            0.0000,    0.0000,    0.0000,    0.0000,    0.0000,    0.0000,
            0.0000,    0.0000,    0.0000,    0.0000,    0.0000,    0.0000],
        [   0.0000,    0.0000,    0.0000,    0.0000,    0.0000,    0.0000,
            0.0000,    0.0000,    0.0000,    0.0000,    0.0000,    0.0000,
          102.2555,  -51.1524, -115.0618,    0.0000,    0.0000,    0.0000,
            0.0000,    0.0000,    0.0000,    0.0000,    0.0000,    0.0000],
        [   0.0000,    0.0000,    0.0000,    0.0000,    0.0000,    0.0000,
            0.0000,    0.0000,    0.0000,    0.0000,    0.0000,    0.0000,
            0.0000,    0.0000,    0.0000,   58.9958,  -29.6229,  -85.0237,
            0.0000,    0.0000,    0.0000,    0.0000,    0.0000,    0.0000],
        [   0.0000,    0.0000,    0.0000,    0.0000,    0.0000,    0.0000,
            0.0000,    0.0000,    0.0000,    0.0000,    0.0000,    0.0000,
            0.0000,    0.0000,    0.0000,    0.0000,    0.0000,    0.0000,
           11.5899,  -48.4918,  -41.9610,    0.0000,    0.0000,    0.0000],
        [   0.0000,    0.0000,    0.0000,    0.0000,    0.0000,    0.0000,
            0.0000,    0.0000,    0.0000,    0.0000,    0.0000,    0.0000,
            0.0000,    0.0000,    0.0000,    0.0000,    0.0000,    0.0000,
            0.0000,    0.0000,    0.0000,  -68.5306,   83.3650,  -48.3951]])
queue lengths: 	tensor([6.0135, 0.4761, 1.0951, 4.1429, 4.2236, 0.2812, 5.7832, 0.6967, 1.3046,
        4.1385, 3.9456, 0.2593, 5.8767, 0.5841, 1.4256, 4.4783, 3.5655, 0.2634,
        5.8975, 0.6621, 1.4437, 2.3624, 5.6201, 0.2327])
final cost: 	68.12999725341797
test cost: 	64.77212524414062
all valid: 	True
tensor([[0., 0., 0., 0., 0., 0., 0., 0., 0., 0., 0., 0., 0., 0., 0., 0., 0., 0., 0., 0., 0., 0., 0., 0.]])
tensor([[[0.0389, 0.0435, 0.0448, 0.0437, 0.0420, 0.0426, 0.0447, 0.0442,
          0.0406, 0.0388, 0.0430, 0.0403, 0.0420, 0.0448, 0.0400, 0.0407,
          0.0401, 0.0426, 0.0373, 0.0381, 0.0464, 0.0405, 0.0394, 0.0408],
         [0.0441, 0.0380, 0.0405, 0.0402, 0.0447, 0.0423, 0.0418, 0.0421,
          0.0429, 0.0460, 0.0407, 0.0380, 0.0428, 0.0441, 0.0405, 0.0397,
          0.0401, 0.0412, 0.0456, 0.0436, 0.0411, 0.0419, 0.0371, 0.0410],
         [0.0440, 0.0414, 0.0380, 0.0416, 0.0450, 0.0445, 0.0410, 0.0383,
          0.0424, 0.0381, 0.0462, 0.0400, 0.0428, 0.0396, 0.0410, 0.0428,
          0.0441, 0.0397, 0.0411, 0.0442, 0.0416, 0.0408, 0.0398, 0.0420],
         [0.0446, 0.0393, 0.0465, 0.0399, 0.0429, 0.0431, 0.0446, 0.0422,
          0.0445, 0.0383, 0.0398, 0.0421, 0.0402, 0.0390, 0.0404, 0.0393,
          0.0440, 0.0441, 0.0392, 0.0404, 0.0448, 0.0399, 0.0379, 0.0430],
         [0.0413, 0.0390, 0.0407, 0.0386, 0.0428, 0.0409, 0.0449, 0.0433,
          0.0420, 0.0428, 0.0412, 0.0410, 0.0402, 0.0432, 0.0452, 0.0369,
          0.0421, 0.0409, 0.0388, 0.0409, 0.0464, 0.0431, 0.0398, 0.0439],
         [0.0383, 0.0455, 0.0443, 0.0414, 0.0412, 0.0419, 0.0397, 0.0448,
          0.0458, 0.0405, 0.0395, 0.0455, 0.0432, 0.0408, 0.0416, 0.0388,
          0.0416, 0.0449, 0.0396, 0.0428, 0.0390, 0.0398, 0.0390, 0.0404],
         [0.0380, 0.0402, 0.0389, 0.0424, 0.0442, 0.0470, 0.0394, 0.0404,
          0.0429, 0.0435, 0.0459, 0.0427, 0.0389, 0.0427, 0.0419, 0.0411,
          0.0435, 0.0386, 0.0428, 0.0401, 0.0402, 0.0413, 0.0420, 0.0415],
         [0.0443, 0.0420, 0.0412, 0.0437, 0.0404, 0.0380, 0.0447, 0.0382,
          0.0447, 0.0379, 0.0450, 0.0427, 0.0395, 0.0395, 0.0394, 0.0392,
          0.0445, 0.0430, 0.0384, 0.0396, 0.0423, 0.0459, 0.0394, 0.0467]]],
       grad_fn=<SoftmaxBackward0>)
train cost:	65.76940155029297
queue lengths: 	tensor([6.3360, 0.4258, 1.0352, 3.2995, 3.4832, 0.1931, 6.8475, 0.6154, 1.1702,
        4.4607, 4.6231, 0.1833, 6.5450, 0.4509, 1.3352, 3.4030, 3.9840, 0.1955,
        8.6334, 0.6051, 1.1996, 1.8159, 4.7680, 0.1606],
       grad_fn=<MeanBackward1>)
Action Grads
tensor([[-33.3471, -14.0790, -23.1066,   0.0000,   0.0000,   0.0000,   0.0000,
           0.0000,   0.0000,   0.0000,   0.0000,   0.0000,   0.0000,   0.0000,
           0.0000,   0.0000,   0.0000,   0.0000,   0.0000,   0.0000,   0.0000,
           0.0000,   0.0000,   0.0000],
        [  0.0000,   0.0000,   0.0000,  15.4326, -21.6991, -19.6400,   0.0000,
           0.0000,   0.0000,   0.0000,   0.0000,   0.0000,   0.0000,   0.0000,
           0.0000,   0.0000,   0.0000,   0.0000,   0.0000,   0.0000,   0.0000,
           0.0000,   0.0000,   0.0000],
        [  0.0000,   0.0000,   0.0000,   0.0000,   0.0000,   0.0000, -25.1365,
          -3.7949, -24.8619,   0.0000,   0.0000,   0.0000,   0.0000,   0.0000,
           0.0000,   0.0000,   0.0000,   0.0000,   0.0000,   0.0000,   0.0000,
           0.0000,   0.0000,   0.0000],
        [  0.0000,   0.0000,   0.0000,   0.0000,   0.0000,   0.0000,   0.0000,
           0.0000,   0.0000,  -5.5381, -25.0103, -17.1849,   0.0000,   0.0000,
           0.0000,   0.0000,   0.0000,   0.0000,   0.0000,   0.0000,   0.0000,
           0.0000,   0.0000,   0.0000],
        [  0.0000,   0.0000,   0.0000,   0.0000,   0.0000,   0.0000,   0.0000,
           0.0000,   0.0000,   0.0000,   0.0000,   0.0000, -21.1059,  10.3248,
         -29.1685,   0.0000,   0.0000,   0.0000,   0.0000,   0.0000,   0.0000,
           0.0000,   0.0000,   0.0000],
        [  0.0000,   0.0000,   0.0000,   0.0000,   0.0000,   0.0000,   0.0000,
           0.0000,   0.0000,   0.0000,   0.0000,   0.0000,   0.0000,   0.0000,
           0.0000,  20.0554, -27.4354, -23.6110,   0.0000,   0.0000,   0.0000,
           0.0000,   0.0000,   0.0000],
        [  0.0000,   0.0000,   0.0000,   0.0000,   0.0000,   0.0000,   0.0000,
           0.0000,   0.0000,   0.0000,   0.0000,   0.0000,   0.0000,   0.0000,
           0.0000,   0.0000,   0.0000,   0.0000, -48.3999,   5.9186, -26.5656,
           0.0000,   0.0000,   0.0000],
        [  0.0000,   0.0000,   0.0000,   0.0000,   0.0000,   0.0000,   0.0000,
           0.0000,   0.0000,   0.0000,   0.0000,   0.0000,   0.0000,   0.0000,
           0.0000,   0.0000,   0.0000,   0.0000,   0.0000,   0.0000,   0.0000,
         -13.3772, -33.3889, -16.7204]])
Priority Grads
tensor([[ -59.6950,  -18.0812,    0.8694,    0.0000,    0.0000,    0.0000,
            0.0000,    0.0000,    0.0000,    0.0000,    0.0000,    0.0000,
            0.0000,    0.0000,    0.0000,    0.0000,    0.0000,    0.0000,
            0.0000,    0.0000,    0.0000,    0.0000,    0.0000,    0.0000],
        [   0.0000,    0.0000,    0.0000,  215.8116, -104.9058, -114.4157,
            0.0000,    0.0000,    0.0000,    0.0000,    0.0000,    0.0000,
            0.0000,    0.0000,    0.0000,    0.0000,    0.0000,    0.0000,
            0.0000,    0.0000,    0.0000,    0.0000,    0.0000,    0.0000],
        [   0.0000,    0.0000,    0.0000,    0.0000,    0.0000,    0.0000,
          -41.9775,   51.5814,  -60.4664,    0.0000,    0.0000,    0.0000,
            0.0000,    0.0000,    0.0000,    0.0000,    0.0000,    0.0000,
            0.0000,    0.0000,    0.0000,    0.0000,    0.0000,    0.0000],
        [   0.0000,    0.0000,    0.0000,    0.0000,    0.0000,    0.0000,
            0.0000,    0.0000,    0.0000,  131.3357,  -72.5268,  -84.9580,
            0.0000,    0.0000,    0.0000,    0.0000,    0.0000,    0.0000,
            0.0000,    0.0000,    0.0000,    0.0000,    0.0000,    0.0000],
        [   0.0000,    0.0000,    0.0000,    0.0000,    0.0000,    0.0000,
            0.0000,    0.0000,    0.0000,    0.0000,    0.0000,    0.0000,
          -16.4247,  115.1773, -136.2894,    0.0000,    0.0000,    0.0000,
            0.0000,    0.0000,    0.0000,    0.0000,    0.0000,    0.0000],
        [   0.0000,    0.0000,    0.0000,    0.0000,    0.0000,    0.0000,
            0.0000,    0.0000,    0.0000,    0.0000,    0.0000,    0.0000,
            0.0000,    0.0000,    0.0000,  306.8960, -148.3572, -134.8626,
            0.0000,    0.0000,    0.0000,    0.0000,    0.0000,    0.0000],
        [   0.0000,    0.0000,    0.0000,    0.0000,    0.0000,    0.0000,
            0.0000,    0.0000,    0.0000,    0.0000,    0.0000,    0.0000,
            0.0000,    0.0000,    0.0000,    0.0000,    0.0000,    0.0000,
         -166.3882,  154.5552,  -34.8734,    0.0000,    0.0000,    0.0000],
        [   0.0000,    0.0000,    0.0000,    0.0000,    0.0000,    0.0000,
            0.0000,    0.0000,    0.0000,    0.0000,    0.0000,    0.0000,
            0.0000,    0.0000,    0.0000,    0.0000,    0.0000,    0.0000,
            0.0000,    0.0000,    0.0000,   98.9295,  -85.5845,  -84.9009]])
queue lengths: 	tensor([5.8781, 0.4753, 1.0824, 4.3123, 4.1907, 0.2817, 5.8732, 0.7074, 1.3055,
        4.4085, 3.9247, 0.2575, 5.7684, 0.5797, 1.4033, 4.8019, 3.4406, 0.2621,
        5.9351, 0.6697, 1.4510, 2.4086, 5.8027, 0.2322])
final cost: 	69.19999694824219
test cost: 	65.4527587890625
all valid: 	True
tensor([[0., 0., 0., 0., 0., 0., 0., 0., 0., 0., 0., 0., 0., 0., 0., 0., 0., 0., 0., 0., 0., 0., 0., 0.]])
tensor([[[0.0389, 0.0435, 0.0449, 0.0437, 0.0420, 0.0426, 0.0447, 0.0442,
          0.0406, 0.0388, 0.0430, 0.0403, 0.0421, 0.0448, 0.0400, 0.0407,
          0.0400, 0.0426, 0.0373, 0.0382, 0.0464, 0.0405, 0.0394, 0.0408],
         [0.0441, 0.0379, 0.0405, 0.0401, 0.0448, 0.0423, 0.0418, 0.0421,
          0.0429, 0.0460, 0.0407, 0.0379, 0.0428, 0.0441, 0.0405, 0.0397,
          0.0400, 0.0412, 0.0456, 0.0436, 0.0411, 0.0420, 0.0371, 0.0411],
         [0.0440, 0.0414, 0.0380, 0.0416, 0.0450, 0.0445, 0.0411, 0.0383,
          0.0424, 0.0381, 0.0462, 0.0400, 0.0428, 0.0396, 0.0410, 0.0427,
          0.0441, 0.0397, 0.0411, 0.0442, 0.0416, 0.0408, 0.0398, 0.0420],
         [0.0446, 0.0393, 0.0465, 0.0399, 0.0429, 0.0431, 0.0446, 0.0422,
          0.0445, 0.0383, 0.0399, 0.0422, 0.0401, 0.0390, 0.0404, 0.0393,
          0.0440, 0.0441, 0.0392, 0.0404, 0.0448, 0.0399, 0.0379, 0.0430],
         [0.0414, 0.0390, 0.0408, 0.0386, 0.0428, 0.0409, 0.0449, 0.0433,
          0.0420, 0.0428, 0.0412, 0.0410, 0.0402, 0.0431, 0.0452, 0.0369,
          0.0421, 0.0410, 0.0388, 0.0408, 0.0464, 0.0431, 0.0398, 0.0439],
         [0.0383, 0.0456, 0.0443, 0.0414, 0.0413, 0.0418, 0.0397, 0.0448,
          0.0458, 0.0406, 0.0395, 0.0455, 0.0432, 0.0408, 0.0416, 0.0387,
          0.0417, 0.0450, 0.0396, 0.0428, 0.0390, 0.0398, 0.0390, 0.0404],
         [0.0380, 0.0402, 0.0389, 0.0423, 0.0442, 0.0470, 0.0394, 0.0404,
          0.0429, 0.0435, 0.0458, 0.0427, 0.0389, 0.0427, 0.0419, 0.0411,
          0.0435, 0.0386, 0.0428, 0.0400, 0.0402, 0.0413, 0.0421, 0.0415],
         [0.0443, 0.0420, 0.0412, 0.0437, 0.0404, 0.0380, 0.0447, 0.0382,
          0.0446, 0.0379, 0.0450, 0.0426, 0.0395, 0.0395, 0.0394, 0.0392,
          0.0445, 0.0430, 0.0385, 0.0396, 0.0423, 0.0458, 0.0394, 0.0467]]],
       grad_fn=<SoftmaxBackward0>)
train cost:	63.973873138427734
queue lengths: 	tensor([6.9427, 0.4132, 1.1077, 5.2973, 4.7497, 0.2115, 7.5961, 0.5179, 1.8790,
        5.0574, 4.0799, 0.1882, 4.2435, 0.4224, 1.0377, 4.8649, 2.7014, 0.1877,
        4.9414, 0.5326, 1.3011, 1.9224, 3.6220, 0.1558],
       grad_fn=<MeanBackward1>)
Action Grads
tensor([[-11.2669,  13.9951, -21.2360,   0.0000,   0.0000,   0.0000,   0.0000,
           0.0000,   0.0000,   0.0000,   0.0000,   0.0000,   0.0000,   0.0000,
           0.0000,   0.0000,   0.0000,   0.0000,   0.0000,   0.0000,   0.0000,
           0.0000,   0.0000,   0.0000],
        [  0.0000,   0.0000,   0.0000, -18.1712, -46.0947,  -8.6121,   0.0000,
           0.0000,   0.0000,   0.0000,   0.0000,   0.0000,   0.0000,   0.0000,
           0.0000,   0.0000,   0.0000,   0.0000,   0.0000,   0.0000,   0.0000,
           0.0000,   0.0000,   0.0000],
        [  0.0000,   0.0000,   0.0000,   0.0000,   0.0000,   0.0000, -14.5027,
          -1.6310, -18.2443,   0.0000,   0.0000,   0.0000,   0.0000,   0.0000,
           0.0000,   0.0000,   0.0000,   0.0000,   0.0000,   0.0000,   0.0000,
           0.0000,   0.0000,   0.0000],
        [  0.0000,   0.0000,   0.0000,   0.0000,   0.0000,   0.0000,   0.0000,
           0.0000,   0.0000, -15.3957, -28.2704, -16.1905,   0.0000,   0.0000,
           0.0000,   0.0000,   0.0000,   0.0000,   0.0000,   0.0000,   0.0000,
           0.0000,   0.0000,   0.0000],
        [  0.0000,   0.0000,   0.0000,   0.0000,   0.0000,   0.0000,   0.0000,
           0.0000,   0.0000,   0.0000,   0.0000,   0.0000,  -9.2695, -12.7647,
         -24.7764,   0.0000,   0.0000,   0.0000,   0.0000,   0.0000,   0.0000,
           0.0000,   0.0000,   0.0000],
        [  0.0000,   0.0000,   0.0000,   0.0000,   0.0000,   0.0000,   0.0000,
           0.0000,   0.0000,   0.0000,   0.0000,   0.0000,   0.0000,   0.0000,
           0.0000, -13.6816, -16.9046, -16.0492,   0.0000,   0.0000,   0.0000,
           0.0000,   0.0000,   0.0000],
        [  0.0000,   0.0000,   0.0000,   0.0000,   0.0000,   0.0000,   0.0000,
           0.0000,   0.0000,   0.0000,   0.0000,   0.0000,   0.0000,   0.0000,
           0.0000,   0.0000,   0.0000,   0.0000, -28.6308,  -3.9057, -17.3240,
           0.0000,   0.0000,   0.0000],
        [  0.0000,   0.0000,   0.0000,   0.0000,   0.0000,   0.0000,   0.0000,
           0.0000,   0.0000,   0.0000,   0.0000,   0.0000,   0.0000,   0.0000,
           0.0000,   0.0000,   0.0000,   0.0000,   0.0000,   0.0000,   0.0000,
         -11.7308, -23.0024, -10.1242]])
Priority Grads
tensor([[ -17.8234,  119.2901, -118.9349,    0.0000,    0.0000,    0.0000,
            0.0000,    0.0000,    0.0000,    0.0000,    0.0000,    0.0000,
            0.0000,    0.0000,    0.0000,    0.0000,    0.0000,    0.0000,
            0.0000,    0.0000,    0.0000,    0.0000,    0.0000,    0.0000],
        [   0.0000,    0.0000,    0.0000,  135.3325, -173.0133,   -6.4845,
            0.0000,    0.0000,    0.0000,    0.0000,    0.0000,    0.0000,
            0.0000,    0.0000,    0.0000,    0.0000,    0.0000,    0.0000,
            0.0000,    0.0000,    0.0000,    0.0000,    0.0000,    0.0000],
        [   0.0000,    0.0000,    0.0000,    0.0000,    0.0000,    0.0000,
            0.2374,   31.4657,  -60.2359,    0.0000,    0.0000,    0.0000,
            0.0000,    0.0000,    0.0000,    0.0000,    0.0000,    0.0000,
            0.0000,    0.0000,    0.0000,    0.0000,    0.0000,    0.0000],
        [   0.0000,    0.0000,    0.0000,    0.0000,    0.0000,    0.0000,
            0.0000,    0.0000,    0.0000,  106.3713,  -63.3150,  -81.8374,
            0.0000,    0.0000,    0.0000,    0.0000,    0.0000,    0.0000,
            0.0000,    0.0000,    0.0000,    0.0000,    0.0000,    0.0000],
        [   0.0000,    0.0000,    0.0000,    0.0000,    0.0000,    0.0000,
            0.0000,    0.0000,    0.0000,    0.0000,    0.0000,    0.0000,
           93.7250,  -44.3879, -103.1394,    0.0000,    0.0000,    0.0000,
            0.0000,    0.0000,    0.0000,    0.0000,    0.0000,    0.0000],
        [   0.0000,    0.0000,    0.0000,    0.0000,    0.0000,    0.0000,
            0.0000,    0.0000,    0.0000,    0.0000,    0.0000,    0.0000,
            0.0000,    0.0000,    0.0000,   20.8420,   15.8809,  -78.0141,
            0.0000,    0.0000,    0.0000,    0.0000,    0.0000,    0.0000],
        [   0.0000,    0.0000,    0.0000,    0.0000,    0.0000,    0.0000,
            0.0000,    0.0000,    0.0000,    0.0000,    0.0000,    0.0000,
            0.0000,    0.0000,    0.0000,    0.0000,    0.0000,    0.0000,
          -71.1055,   48.1783,  -13.3353,    0.0000,    0.0000,    0.0000],
        [   0.0000,    0.0000,    0.0000,    0.0000,    0.0000,    0.0000,
            0.0000,    0.0000,    0.0000,    0.0000,    0.0000,    0.0000,
            0.0000,    0.0000,    0.0000,    0.0000,    0.0000,    0.0000,
            0.0000,    0.0000,    0.0000,   37.4885,  -39.4646,  -44.3303]])
queue lengths: 	tensor([5.9482, 0.4793, 1.0899, 4.4296, 3.9730, 0.2815, 5.9355, 0.7148, 1.3218,
        4.3977, 3.7302, 0.2556, 6.0535, 0.5811, 1.4253, 4.6969, 3.2823, 0.2604,
        6.0609, 0.6753, 1.4872, 2.3879, 5.6319, 0.2307])
final cost: 	66.55999755859375
test cost: 	65.33078002929688
all valid: 	True
tensor([[0., 0., 0., 0., 0., 0., 0., 0., 0., 0., 0., 0., 0., 0., 0., 0., 0., 0., 0., 0., 0., 0., 0., 0.]])
tensor([[[0.0389, 0.0434, 0.0449, 0.0437, 0.0420, 0.0426, 0.0447, 0.0442,
          0.0406, 0.0388, 0.0430, 0.0403, 0.0421, 0.0448, 0.0400, 0.0407,
          0.0400, 0.0426, 0.0373, 0.0382, 0.0465, 0.0405, 0.0394, 0.0408],
         [0.0442, 0.0379, 0.0405, 0.0400, 0.0449, 0.0423, 0.0418, 0.0421,
          0.0429, 0.0460, 0.0407, 0.0379, 0.0427, 0.0442, 0.0405, 0.0397,
          0.0400, 0.0412, 0.0456, 0.0435, 0.0411, 0.0420, 0.0371, 0.0411],
         [0.0441, 0.0414, 0.0380, 0.0416, 0.0450, 0.0445, 0.0411, 0.0382,
          0.0424, 0.0381, 0.0462, 0.0399, 0.0428, 0.0396, 0.0410, 0.0427,
          0.0441, 0.0397, 0.0411, 0.0442, 0.0416, 0.0408, 0.0398, 0.0420],
         [0.0446, 0.0392, 0.0465, 0.0399, 0.0429, 0.0431, 0.0446, 0.0422,
          0.0444, 0.0382, 0.0399, 0.0422, 0.0401, 0.0390, 0.0404, 0.0393,
          0.0440, 0.0441, 0.0392, 0.0405, 0.0448, 0.0399, 0.0380, 0.0430],
         [0.0414, 0.0390, 0.0407, 0.0385, 0.0428, 0.0410, 0.0449, 0.0433,
          0.0420, 0.0428, 0.0412, 0.0410, 0.0401, 0.0431, 0.0453, 0.0369,
          0.0421, 0.0410, 0.0388, 0.0408, 0.0464, 0.0431, 0.0399, 0.0439],
         [0.0383, 0.0456, 0.0443, 0.0414, 0.0413, 0.0418, 0.0397, 0.0447,
          0.0458, 0.0406, 0.0395, 0.0455, 0.0432, 0.0408, 0.0416, 0.0386,
          0.0417, 0.0451, 0.0396, 0.0428, 0.0390, 0.0398, 0.0390, 0.0404],
         [0.0380, 0.0402, 0.0389, 0.0423, 0.0442, 0.0470, 0.0394, 0.0404,
          0.0429, 0.0435, 0.0458, 0.0427, 0.0390, 0.0427, 0.0419, 0.0411,
          0.0435, 0.0386, 0.0429, 0.0400, 0.0402, 0.0413, 0.0421, 0.0415],
         [0.0443, 0.0420, 0.0412, 0.0436, 0.0404, 0.0380, 0.0447, 0.0382,
          0.0446, 0.0379, 0.0449, 0.0426, 0.0395, 0.0395, 0.0394, 0.0392,
          0.0445, 0.0430, 0.0385, 0.0396, 0.0423, 0.0458, 0.0395, 0.0467]]],
       grad_fn=<SoftmaxBackward0>)
train cost:	47.85414505004883
queue lengths: 	tensor([3.6284, 0.3598, 0.9926, 2.8215, 3.6525, 0.1814, 4.2956, 0.4811, 1.0661,
        2.2353, 2.8094, 0.1637, 3.7595, 0.4317, 1.1847, 2.4358, 2.5837, 0.1661,
        5.7803, 0.4978, 1.2734, 1.6878, 5.2117, 0.1541],
       grad_fn=<MeanBackward1>)
Action Grads
tensor([[-14.7400,  -0.0512, -14.9040,   0.0000,   0.0000,   0.0000,   0.0000,
           0.0000,   0.0000,   0.0000,   0.0000,   0.0000,   0.0000,   0.0000,
           0.0000,   0.0000,   0.0000,   0.0000,   0.0000,   0.0000,   0.0000,
           0.0000,   0.0000,   0.0000],
        [  0.0000,   0.0000,   0.0000,   3.1775, -17.2685,  -9.7622,   0.0000,
           0.0000,   0.0000,   0.0000,   0.0000,   0.0000,   0.0000,   0.0000,
           0.0000,   0.0000,   0.0000,   0.0000,   0.0000,   0.0000,   0.0000,
           0.0000,   0.0000,   0.0000],
